2020-05-07 13:22:56.889927,Environment,Anechoic Chamber w/ Positioner
2020-05-07 13:22:56.889983,Device,iPhone 11 MWKM2LL/A
2020-05-07 13:22:56.890009,Range,6
2020-05-07 13:22:56.890021,Angle,315
2020-05-07 13:22:56.890032,TxPower,12
2020-05-07 13:22:56.890042,GPS,NA
2020-05-07 13:17:02.764955,Bluetooth,55:25:0e:31:e0:1e,-49,12,1588871822.764955,39
2020-05-07 13:17:02.766800,Bluetooth,55:25:0e:31:e0:1e,-54,12,1588871822.7668,37
2020-05-07 13:17:02.768608,Bluetooth,55:25:0e:31:e0:1e,-54,12,1588871822.768608,38
2020-05-07 13:17:02.770406,Bluetooth,55:25:0e:31:e0:1e,-48,12,1588871822.770406,39
2020-05-07 13:17:02.772331,Bluetooth,55:25:0e:31:e0:1e,-53,12,1588871822.772331,37
2020-05-07 13:17:02.774204,Bluetooth,55:25:0e:31:e0:1e,-54,12,1588871822.774204,38
2020-05-07 13:17:02.775848,Bluetooth,55:25:0e:31:e0:1e,-49,12,1588871822.775848,39
2020-05-07 13:17:02.777609,Bluetooth,55:25:0e:31:e0:1e,-53,12,1588871822.777609,37
2020-05-07 13:17:02.779465,Bluetooth,55:25:0e:31:e0:1e,-54,12,1588871822.779465,38
2020-05-07 13:17:02.781207,Bluetooth,55:25:0e:31:e0:1e,-48,12,1588871822.781207,39
2020-05-07 13:17:02.782938,Bluetooth,55:25:0e:31:e0:1e,-53,12,1588871822.782938,37
2020-05-07 13:17:02.784721,Bluetooth,55:25:0e:31:e0:1e,-54,12,1588871822.784721,38
2020-05-07 13:17:02.786832,Bluetooth,55:25:0e:31:e0:1e,-49,12,1588871822.786832,39
2020-05-07 13:17:02.789490,Bluetooth,e5:77:66:f9:58:66,-49,12,1588871822.78949,37
2020-05-07 13:17:02.792758,Bluetooth,e5:77:66:f9:58:66,-54,12,1588871822.792758,38
2020-05-07 13:17:02.796549,Bluetooth,e5:77:66:f9:58:66,-47,12,1588871822.796549,39
2020-05-07 13:17:02.799972,Bluetooth,55:25:0e:31:e0:1e,-54,12,1588871822.799972,37
2020-05-07 13:17:02.802279,Bluetooth,55:25:0e:31:e0:1e,-54,12,1588871822.802279,38
2020-05-07 13:17:02.804611,Bluetooth,55:25:0e:31:e0:1e,-47,12,1588871822.804611,39
2020-05-07 13:17:02.808037,Bluetooth,55:25:0e:31:e0:1e,-54,12,1588871822.808037,37
2020-05-07 13:17:02.814538,Bluetooth,55:25:0e:31:e0:1e,-54,12,1588871822.814538,38
2020-05-07 13:17:02.816873,Bluetooth,55:25:0e:31:e0:1e,-47,12,1588871822.816873,39
2020-05-07 13:17:02.819528,Bluetooth,55:25:0e:31:e0:1e,-53,12,1588871822.819528,37
2020-05-07 13:17:02.823056,Bluetooth,55:25:0e:31:e0:1e,-54,12,1588871822.823056,38
2020-05-07 13:17:02.825361,Bluetooth,55:25:0e:31:e0:1e,-47,12,1588871822.825361,39
2020-05-07 13:17:02.828432,Bluetooth,55:25:0e:31:e0:1e,-53,12,1588871822.828432,37
2020-05-07 13:17:02.831666,Bluetooth,55:25:0e:31:e0:1e,-54,12,1588871822.831666,38
2020-05-07 13:17:02.833474,Bluetooth,55:25:0e:31:e0:1e,-47,12,1588871822.833474,39
2020-05-07 13:17:02.835526,Bluetooth,55:25:0e:31:e0:1e,-51,12,1588871822.835526,37
2020-05-07 13:17:02.837468,Bluetooth,55:25:0e:31:e0:1e,-56,12,1588871822.837468,38
2020-05-07 13:17:02.839414,Bluetooth,55:25:0e:31:e0:1e,-44,12,1588871822.839414,39
2020-05-07 13:17:02.841693,Bluetooth,e5:77:66:f9:58:66,-52,12,1588871822.841693,37
2020-05-07 13:17:02.843945,Bluetooth,e5:77:66:f9:58:66,-56,12,1588871822.843945,38
2020-05-07 13:17:02.846241,Bluetooth,e5:77:66:f9:58:66,-46,12,1588871822.846241,39
2020-05-07 13:17:02.848111,Bluetooth,55:25:0e:31:e0:1e,-52,12,1588871822.848111,37
2020-05-07 13:17:02.849988,Bluetooth,55:25:0e:31:e0:1e,-56,12,1588871822.849988,38
2020-05-07 13:17:02.852504,Bluetooth,55:25:0e:31:e0:1e,-47,12,1588871822.852504,39
2020-05-07 13:17:02.854340,Bluetooth,55:25:0e:31:e0:1e,-52,12,1588871822.85434,37
2020-05-07 13:17:02.856153,Bluetooth,55:25:0e:31:e0:1e,-56,12,1588871822.856153,38
2020-05-07 13:17:02.858077,Bluetooth,55:25:0e:31:e0:1e,-47,12,1588871822.858077,39
2020-05-07 13:17:02.859863,Bluetooth,55:25:0e:31:e0:1e,-52,12,1588871822.859863,37
2020-05-07 13:17:02.861771,Bluetooth,55:25:0e:31:e0:1e,-56,12,1588871822.861771,38
2020-05-07 13:17:02.863646,Bluetooth,55:25:0e:31:e0:1e,-47,12,1588871822.863646,39
2020-05-07 13:17:02.865617,Bluetooth,55:25:0e:31:e0:1e,-52,12,1588871822.865617,37
2020-05-07 13:17:02.867484,Bluetooth,55:25:0e:31:e0:1e,-57,12,1588871822.867484,38
2020-05-07 13:17:02.869382,Bluetooth,55:25:0e:31:e0:1e,-48,12,1588871822.869382,39
2020-05-07 13:17:02.871252,Bluetooth,55:25:0e:31:e0:1e,-52,12,1588871822.871252,37
2020-05-07 13:17:02.873189,Bluetooth,55:25:0e:31:e0:1e,-57,12,1588871822.873189,38
2020-05-07 13:17:02.875066,Bluetooth,55:25:0e:31:e0:1e,-46,12,1588871822.875066,39
2020-05-07 13:17:02.876967,Bluetooth,55:25:0e:31:e0:1e,-53,12,1588871822.876967,37
2020-05-07 13:17:02.878933,Bluetooth,55:25:0e:31:e0:1e,-60,12,1588871822.878933,38
2020-05-07 13:17:02.880798,Bluetooth,55:25:0e:31:e0:1e,-45,12,1588871822.880798,39
2020-05-07 13:17:02.882700,Bluetooth,55:25:0e:31:e0:1e,-54,12,1588871822.8827,37
2020-05-07 13:17:02.884585,Bluetooth,55:25:0e:31:e0:1e,-60,12,1588871822.884585,38
2020-05-07 13:17:02.886446,Bluetooth,55:25:0e:31:e0:1e,-45,12,1588871822.886446,39
2020-05-07 13:17:02.888620,Bluetooth,e5:77:66:f9:58:66,-55,12,1588871822.88862,37
2020-05-07 13:17:02.890932,Bluetooth,e5:77:66:f9:58:66,-54,12,1588871822.890932,38
2020-05-07 13:17:02.893125,Bluetooth,e5:77:66:f9:58:66,-47,12,1588871822.893125,39
2020-05-07 13:17:02.895074,Bluetooth,55:25:0e:31:e0:1e,-54,12,1588871822.895074,37
2020-05-07 13:17:02.897156,Bluetooth,55:25:0e:31:e0:1e,-52,12,1588871822.897156,38
2020-05-07 13:17:02.899310,Bluetooth,55:25:0e:31:e0:1e,-46,12,1588871822.89931,39
2020-05-07 13:17:02.901335,Bluetooth,55:25:0e:31:e0:1e,-52,12,1588871822.901335,37
2020-05-07 13:17:02.903153,Bluetooth,55:25:0e:31:e0:1e,-48,12,1588871822.903153,38
2020-05-07 13:17:02.904860,Bluetooth,55:25:0e:31:e0:1e,-48,12,1588871822.90486,39
2020-05-07 13:17:02.906512,Bluetooth,55:25:0e:31:e0:1e,-52,12,1588871822.906512,37
2020-05-07 13:17:02.908062,Bluetooth,55:25:0e:31:e0:1e,-49,12,1588871822.908062,38
2020-05-07 13:17:02.909723,Bluetooth,55:25:0e:31:e0:1e,-49,12,1588871822.909723,39
2020-05-07 13:17:02.911253,Bluetooth,55:25:0e:31:e0:1e,-52,12,1588871822.911253,37
2020-05-07 13:17:02.912878,Bluetooth,55:25:0e:31:e0:1e,-48,12,1588871822.912878,38
2020-05-07 13:17:02.914626,Bluetooth,55:25:0e:31:e0:1e,-49,12,1588871822.914626,39
2020-05-07 13:17:02.916331,Bluetooth,55:25:0e:31:e0:1e,-52,12,1588871822.916331,37
2020-05-07 13:17:02.917962,Bluetooth,55:25:0e:31:e0:1e,-48,12,1588871822.917962,38
2020-05-07 13:17:02.919495,Bluetooth,55:25:0e:31:e0:1e,-48,12,1588871822.919495,39
2020-05-07 13:17:02.921073,Bluetooth,55:25:0e:31:e0:1e,-52,12,1588871822.921073,37
2020-05-07 13:17:02.922636,Bluetooth,55:25:0e:31:e0:1e,-48,12,1588871822.922636,38
2020-05-07 13:17:02.924527,Bluetooth,55:25:0e:31:e0:1e,-45,12,1588871822.924527,39
2020-05-07 13:17:02.926896,Bluetooth,e5:77:66:f9:58:66,-52,12,1588871822.926896,37
2020-05-07 13:17:02.929133,Bluetooth,e5:77:66:f9:58:66,-48,12,1588871822.929133,38
2020-05-07 13:17:02.931183,Bluetooth,e5:77:66:f9:58:66,-45,12,1588871822.931183,39
2020-05-07 13:17:02.933061,Bluetooth,55:25:0e:31:e0:1e,-52,12,1588871822.933061,37
2020-05-07 13:17:02.934902,Bluetooth,55:25:0e:31:e0:1e,-48,12,1588871822.934902,38
2020-05-07 13:17:02.936653,Bluetooth,55:25:0e:31:e0:1e,-48,12,1588871822.936653,39
2020-05-07 13:17:02.938374,Bluetooth,55:25:0e:31:e0:1e,-52,12,1588871822.938374,37
2020-05-07 13:17:02.940081,Bluetooth,55:25:0e:31:e0:1e,-48,12,1588871822.940081,38
2020-05-07 13:17:02.941846,Bluetooth,55:25:0e:31:e0:1e,-47,12,1588871822.941846,39
2020-05-07 13:17:02.943475,Bluetooth,55:25:0e:31:e0:1e,-52,12,1588871822.943475,37
2020-05-07 13:17:02.945142,Bluetooth,55:25:0e:31:e0:1e,-48,12,1588871822.945142,38
2020-05-07 13:17:02.946809,Bluetooth,55:25:0e:31:e0:1e,-48,12,1588871822.946809,39
2020-05-07 13:17:02.948530,Bluetooth,55:25:0e:31:e0:1e,-52,12,1588871822.94853,37
2020-05-07 13:17:02.950102,Bluetooth,55:25:0e:31:e0:1e,-48,12,1588871822.950102,38
2020-05-07 13:17:02.951599,Bluetooth,55:25:0e:31:e0:1e,-48,12,1588871822.951599,39
2020-05-07 13:17:02.953455,Bluetooth,e5:77:66:f9:58:66,-52,12,1588871822.953455,37
2020-05-07 13:17:02.955494,Bluetooth,e5:77:66:f9:58:66,-48,12,1588871822.955494,38
2020-05-07 13:17:02.957541,Bluetooth,e5:77:66:f9:58:66,-48,12,1588871822.957541,39
2020-05-07 13:17:02.959098,Bluetooth,55:25:0e:31:e0:1e,-52,12,1588871822.959098,37
2020-05-07 13:17:02.960656,Bluetooth,55:25:0e:31:e0:1e,-48,12,1588871822.960656,38
2020-05-07 13:17:02.962203,Bluetooth,55:25:0e:31:e0:1e,-48,12,1588871822.962203,39
2020-05-07 13:17:02.963695,Bluetooth,55:25:0e:31:e0:1e,-52,12,1588871822.963695,37
2020-05-07 13:17:02.965233,Bluetooth,55:25:0e:31:e0:1e,-48,12,1588871822.965233,38
2020-05-07 13:17:02.966802,Bluetooth,55:25:0e:31:e0:1e,-47,12,1588871822.966802,39
2020-05-07 13:17:02.968469,Bluetooth,55:25:0e:31:e0:1e,-52,12,1588871822.968469,37
2020-05-07 13:17:02.970066,Bluetooth,55:25:0e:31:e0:1e,-51,12,1588871822.970066,38
2020-05-07 13:17:02.971717,Bluetooth,55:25:0e:31:e0:1e,-47,12,1588871822.971717,39
2020-05-07 13:17:02.973412,Bluetooth,55:25:0e:31:e0:1e,-52,12,1588871822.973412,37
2020-05-07 13:17:02.975091,Bluetooth,55:25:0e:31:e0:1e,-48,12,1588871822.975091,38
2020-05-07 13:17:02.977047,Bluetooth,55:25:0e:31:e0:1e,-48,12,1588871822.977047,39
2020-05-07 13:17:02.978927,Bluetooth,55:25:0e:31:e0:1e,-52,12,1588871822.978927,37
2020-05-07 13:17:02.980746,Bluetooth,55:25:0e:31:e0:1e,-48,12,1588871822.980746,38
2020-05-07 13:17:02.982389,Bluetooth,55:25:0e:31:e0:1e,-48,12,1588871822.982389,39
2020-05-07 13:17:02.984035,Bluetooth,55:25:0e:31:e0:1e,-52,12,1588871822.984035,37
2020-05-07 13:17:02.985728,Bluetooth,55:25:0e:31:e0:1e,-48,12,1588871822.985728,38
2020-05-07 13:17:02.987379,Bluetooth,55:25:0e:31:e0:1e,-49,12,1588871822.987379,39
2020-05-07 13:17:02.989416,Bluetooth,e5:77:66:f9:58:66,-53,12,1588871822.989416,37
2020-05-07 13:17:02.991422,Bluetooth,e5:77:66:f9:58:66,-48,12,1588871822.991422,38
2020-05-07 13:17:02.993438,Bluetooth,e5:77:66:f9:58:66,-45,12,1588871822.993438,39
2020-05-07 13:17:02.995257,Bluetooth,55:25:0e:31:e0:1e,-52,12,1588871822.995257,37
2020-05-07 13:17:02.996958,Bluetooth,55:25:0e:31:e0:1e,-48,12,1588871822.996958,38
2020-05-07 13:17:02.998594,Bluetooth,55:25:0e:31:e0:1e,-48,12,1588871822.998594,39
2020-05-07 13:17:03.000690,Bluetooth,55:25:0e:31:e0:1e,-52,12,1588871823.00069,37
2020-05-07 13:17:03.002405,Bluetooth,55:25:0e:31:e0:1e,-49,12,1588871823.002405,38
2020-05-07 13:17:03.004163,Bluetooth,55:25:0e:31:e0:1e,-49,12,1588871823.004163,39
2020-05-07 13:17:03.005828,Bluetooth,55:25:0e:31:e0:1e,-52,12,1588871823.005828,37
2020-05-07 13:17:03.007432,Bluetooth,55:25:0e:31:e0:1e,-48,12,1588871823.007432,38
2020-05-07 13:17:03.009048,Bluetooth,55:25:0e:31:e0:1e,-47,12,1588871823.009048,39
2020-05-07 13:17:03.010619,Bluetooth,55:25:0e:31:e0:1e,-52,12,1588871823.010619,37
2020-05-07 13:17:03.012264,Bluetooth,55:25:0e:31:e0:1e,-52,12,1588871823.012264,38
2020-05-07 13:17:03.013834,Bluetooth,55:25:0e:31:e0:1e,-48,12,1588871823.013834,39
2020-05-07 13:17:03.015408,Bluetooth,55:25:0e:31:e0:1e,-52,12,1588871823.015408,37
2020-05-07 13:17:03.017271,Bluetooth,55:25:0e:31:e0:1e,-48,12,1588871823.017271,38
2020-05-07 13:17:03.018964,Bluetooth,55:25:0e:31:e0:1e,-49,12,1588871823.018964,39
2020-05-07 13:17:03.020691,Bluetooth,55:25:0e:31:e0:1e,-52,12,1588871823.020691,37
2020-05-07 13:17:03.022459,Bluetooth,55:25:0e:31:e0:1e,-48,12,1588871823.022459,38
2020-05-07 13:17:03.024708,Bluetooth,55:25:0e:31:e0:1e,-47,12,1588871823.024708,39
2020-05-07 13:17:03.026748,Bluetooth,55:25:0e:31:e0:1e,-52,12,1588871823.026748,37
2020-05-07 13:17:03.028480,Bluetooth,55:25:0e:31:e0:1e,-48,12,1588871823.02848,38
2020-05-07 13:17:03.030118,Bluetooth,55:25:0e:31:e0:1e,-48,12,1588871823.030118,39
2020-05-07 13:17:03.031854,Bluetooth,55:25:0e:31:e0:1e,-52,12,1588871823.031854,37
2020-05-07 13:17:03.033819,Bluetooth,55:25:0e:31:e0:1e,-48,12,1588871823.033819,38
2020-05-07 13:17:03.035759,Bluetooth,55:25:0e:31:e0:1e,-51,12,1588871823.035759,39
2020-05-07 13:17:03.037540,Bluetooth,55:25:0e:31:e0:1e,-52,12,1588871823.03754,37
2020-05-07 13:17:03.039296,Bluetooth,55:25:0e:31:e0:1e,-48,12,1588871823.039296,38
2020-05-07 13:17:03.041030,Bluetooth,55:25:0e:31:e0:1e,-46,12,1588871823.04103,39
2020-05-07 13:17:03.042918,Bluetooth,55:25:0e:31:e0:1e,-52,12,1588871823.042918,37
2020-05-07 13:17:03.044980,Bluetooth,55:25:0e:31:e0:1e,-49,12,1588871823.04498,38
2020-05-07 13:17:03.046739,Bluetooth,55:25:0e:31:e0:1e,-47,12,1588871823.046739,39
2020-05-07 13:17:03.048557,Bluetooth,55:25:0e:31:e0:1e,-52,12,1588871823.048557,37
2020-05-07 13:17:03.050376,Bluetooth,55:25:0e:31:e0:1e,-48,12,1588871823.050376,38
2020-05-07 13:17:03.052052,Bluetooth,55:25:0e:31:e0:1e,-48,12,1588871823.052052,39
2020-05-07 13:17:03.053905,Bluetooth,55:25:0e:31:e0:1e,-52,12,1588871823.053905,37
2020-05-07 13:17:03.055727,Bluetooth,55:25:0e:31:e0:1e,-48,12,1588871823.055727,38
2020-05-07 13:17:03.057576,Bluetooth,55:25:0e:31:e0:1e,-52,12,1588871823.057576,39
2020-05-07 13:17:03.059424,Bluetooth,55:25:0e:31:e0:1e,-52,12,1588871823.059424,37
2020-05-07 13:17:03.061252,Bluetooth,55:25:0e:31:e0:1e,-48,12,1588871823.061252,38
2020-05-07 13:17:03.063030,Bluetooth,55:25:0e:31:e0:1e,-47,12,1588871823.06303,39
2020-05-07 13:17:03.065312,Bluetooth,e5:77:66:f9:58:66,-52,12,1588871823.065312,37
2020-05-07 13:17:03.067667,Bluetooth,e5:77:66:f9:58:66,-48,12,1588871823.067667,38
2020-05-07 13:17:03.069846,Bluetooth,e5:77:66:f9:58:66,-45,12,1588871823.069846,39
2020-05-07 13:17:03.071968,Bluetooth,55:25:0e:31:e0:1e,-52,12,1588871823.071968,37
2020-05-07 13:17:03.073909,Bluetooth,55:25:0e:31:e0:1e,-51,12,1588871823.073909,38
2020-05-07 13:17:03.075690,Bluetooth,55:25:0e:31:e0:1e,-47,12,1588871823.07569,39
2020-05-07 13:17:03.077621,Bluetooth,55:25:0e:31:e0:1e,-52,12,1588871823.077621,37
2020-05-07 13:17:03.079467,Bluetooth,55:25:0e:31:e0:1e,-48,12,1588871823.079467,38
2020-05-07 13:17:03.081372,Bluetooth,55:25:0e:31:e0:1e,-51,12,1588871823.081372,39
2020-05-07 13:17:03.083198,Bluetooth,55:25:0e:31:e0:1e,-50,12,1588871823.083198,37
2020-05-07 13:17:03.085064,Bluetooth,55:25:0e:31:e0:1e,-49,12,1588871823.085064,38
2020-05-07 13:17:03.086908,Bluetooth,55:25:0e:31:e0:1e,-49,12,1588871823.086908,39
2020-05-07 13:17:03.089018,Bluetooth,55:25:0e:31:e0:1e,-52,12,1588871823.089018,37
2020-05-07 13:17:03.090982,Bluetooth,55:25:0e:31:e0:1e,-48,12,1588871823.090982,38
2020-05-07 13:17:03.092951,Bluetooth,55:25:0e:31:e0:1e,-51,12,1588871823.092951,39
2020-05-07 13:17:03.094791,Bluetooth,55:25:0e:31:e0:1e,-52,12,1588871823.094791,37
2020-05-07 13:17:03.096627,Bluetooth,55:25:0e:31:e0:1e,-48,12,1588871823.096627,38
2020-05-07 13:17:03.098460,Bluetooth,55:25:0e:31:e0:1e,-51,12,1588871823.09846,39
2020-05-07 13:17:03.100724,Bluetooth,e5:77:66:f9:58:66,-52,12,1588871823.100724,37
2020-05-07 13:17:03.103112,Bluetooth,e5:77:66:f9:58:66,-48,12,1588871823.103112,38
2020-05-07 13:17:03.105302,Bluetooth,e5:77:66:f9:58:66,-48,12,1588871823.105302,39
2020-05-07 13:17:03.107173,Bluetooth,55:25:0e:31:e0:1e,-52,12,1588871823.107173,37
2020-05-07 13:17:03.109035,Bluetooth,55:25:0e:31:e0:1e,-48,12,1588871823.109035,38
2020-05-07 13:17:03.110874,Bluetooth,55:25:0e:31:e0:1e,-48,12,1588871823.110874,39
2020-05-07 13:17:03.112780,Bluetooth,55:25:0e:31:e0:1e,-52,12,1588871823.11278,37
2020-05-07 13:17:03.114660,Bluetooth,55:25:0e:31:e0:1e,-48,12,1588871823.11466,38
2020-05-07 13:17:03.116620,Bluetooth,55:25:0e:31:e0:1e,-51,12,1588871823.11662,39
2020-05-07 13:17:03.118565,Bluetooth,55:25:0e:31:e0:1e,-52,12,1588871823.118565,37
2020-05-07 13:17:03.121011,Bluetooth,55:25:0e:31:e0:1e,-48,12,1588871823.121011,38
2020-05-07 13:17:03.123357,Bluetooth,55:25:0e:31:e0:1e,-46,12,1588871823.123357,39
2020-05-07 13:17:03.126272,Bluetooth,55:25:0e:31:e0:1e,-52,12,1588871823.126272,37
2020-05-07 13:17:03.128446,Bluetooth,55:25:0e:31:e0:1e,-48,12,1588871823.128446,38
2020-05-07 13:17:03.130354,Bluetooth,55:25:0e:31:e0:1e,-48,12,1588871823.130354,39
2020-05-07 13:17:03.132160,Bluetooth,55:25:0e:31:e0:1e,-52,12,1588871823.13216,37
2020-05-07 13:17:03.133939,Bluetooth,55:25:0e:31:e0:1e,-49,12,1588871823.133939,38
2020-05-07 13:17:03.135776,Bluetooth,55:25:0e:31:e0:1e,-51,12,1588871823.135776,39
2020-05-07 13:17:03.137598,Bluetooth,55:25:0e:31:e0:1e,-52,12,1588871823.137598,37
2020-05-07 13:17:03.139387,Bluetooth,55:25:0e:31:e0:1e,-49,12,1588871823.139387,38
2020-05-07 13:17:03.141270,Bluetooth,55:25:0e:31:e0:1e,-47,12,1588871823.14127,39
2020-05-07 13:17:03.143176,Bluetooth,55:25:0e:31:e0:1e,-52,12,1588871823.143176,37
2020-05-07 13:17:03.145111,Bluetooth,55:25:0e:31:e0:1e,-48,12,1588871823.145111,38
2020-05-07 13:17:03.146929,Bluetooth,55:25:0e:31:e0:1e,-46,12,1588871823.146929,39
2020-05-07 13:17:03.153270,Bluetooth,55:25:0e:31:e0:1e,-52,12,1588871823.15327,37
2020-05-07 13:17:03.155323,Bluetooth,55:25:0e:31:e0:1e,-49,12,1588871823.155323,38
2020-05-07 13:17:03.157217,Bluetooth,55:25:0e:31:e0:1e,-48,12,1588871823.157217,39
2020-05-07 13:17:03.159065,Bluetooth,55:25:0e:31:e0:1e,-51,12,1588871823.159065,37
2020-05-07 13:17:03.161500,Bluetooth,55:25:0e:31:e0:1e,-48,12,1588871823.1615,38
2020-05-07 13:17:03.163629,Bluetooth,55:25:0e:31:e0:1e,-48,12,1588871823.163629,39
2020-05-07 13:17:03.165576,Bluetooth,55:25:0e:31:e0:1e,-52,12,1588871823.165576,37
2020-05-07 13:17:03.167554,Bluetooth,55:25:0e:31:e0:1e,-49,12,1588871823.167554,38
2020-05-07 13:17:03.169418,Bluetooth,55:25:0e:31:e0:1e,-47,12,1588871823.169418,39
2020-05-07 13:17:03.171255,Bluetooth,55:25:0e:31:e0:1e,-52,12,1588871823.171255,37
2020-05-07 13:17:03.173061,Bluetooth,55:25:0e:31:e0:1e,-48,12,1588871823.173061,38
2020-05-07 13:17:03.174819,Bluetooth,55:25:0e:31:e0:1e,-48,12,1588871823.174819,39
2020-05-07 13:17:03.176674,Bluetooth,55:25:0e:31:e0:1e,-52,12,1588871823.176674,37
2020-05-07 13:17:03.178424,Bluetooth,55:25:0e:31:e0:1e,-49,12,1588871823.178424,38
2020-05-07 13:17:03.180188,Bluetooth,55:25:0e:31:e0:1e,-47,12,1588871823.180188,39
2020-05-07 13:17:03.181964,Bluetooth,55:25:0e:31:e0:1e,-52,12,1588871823.181964,37
2020-05-07 13:17:03.183701,Bluetooth,55:25:0e:31:e0:1e,-48,12,1588871823.183701,38
2020-05-07 13:17:03.185522,Bluetooth,55:25:0e:31:e0:1e,-48,12,1588871823.185522,39
2020-05-07 13:17:03.187663,Bluetooth,e5:77:66:f9:58:66,-49,12,1588871823.187663,37
2020-05-07 13:17:03.189853,Bluetooth,e5:77:66:f9:58:66,-48,12,1588871823.189853,38
2020-05-07 13:17:03.192019,Bluetooth,e5:77:66:f9:58:66,-49,12,1588871823.192019,39
2020-05-07 13:17:03.193912,Bluetooth,55:25:0e:31:e0:1e,-52,12,1588871823.193912,37
2020-05-07 13:17:03.195591,Bluetooth,55:25:0e:31:e0:1e,-51,12,1588871823.195591,38
2020-05-07 13:17:03.197365,Bluetooth,55:25:0e:31:e0:1e,-47,12,1588871823.197365,39
2020-05-07 13:17:03.199234,Bluetooth,55:25:0e:31:e0:1e,-52,12,1588871823.199234,37
2020-05-07 13:17:03.200985,Bluetooth,55:25:0e:31:e0:1e,-48,12,1588871823.200985,38
2020-05-07 13:17:03.202607,Bluetooth,55:25:0e:31:e0:1e,-47,12,1588871823.202607,39
2020-05-07 13:17:03.204699,Bluetooth,55:25:0e:31:e0:1e,-52,12,1588871823.204699,37
2020-05-07 13:17:03.206391,Bluetooth,55:25:0e:31:e0:1e,-48,12,1588871823.206391,38
2020-05-07 13:17:03.208032,Bluetooth,55:25:0e:31:e0:1e,-46,12,1588871823.208032,39
2020-05-07 13:17:03.625431,Bluetooth,55:25:0e:31:e0:1e,-52,12,1588871823.625431,37
2020-05-07 13:17:03.627649,Bluetooth,55:25:0e:31:e0:1e,-51,12,1588871823.627649,38
2020-05-07 13:17:03.629514,Bluetooth,55:25:0e:31:e0:1e,-48,12,1588871823.629514,39
2020-05-07 13:17:03.901425,Bluetooth,55:25:0e:31:e0:1e,-52,12,1588871823.901425,37
2020-05-07 13:17:03.903631,Bluetooth,55:25:0e:31:e0:1e,-49,12,1588871823.903631,38
2020-05-07 13:17:03.905468,Bluetooth,55:25:0e:31:e0:1e,-49,12,1588871823.905468,39
2020-05-07 13:17:04.049783,Bluetooth,e5:77:66:f9:58:66,-56,12,1588871824.049783,37
2020-05-07 13:17:04.052492,Bluetooth,e5:77:66:f9:58:66,-48,12,1588871824.052492,38
2020-05-07 13:17:04.054830,Bluetooth,e5:77:66:f9:58:66,-49,12,1588871824.05483,39
2020-05-07 13:17:04.176444,Bluetooth,55:25:0e:31:e0:1e,-52,12,1588871824.176444,37
2020-05-07 13:17:04.178533,Bluetooth,55:25:0e:31:e0:1e,-48,12,1588871824.178533,38
2020-05-07 13:17:04.180555,Bluetooth,55:25:0e:31:e0:1e,-48,12,1588871824.180555,39
2020-05-07 13:17:04.450282,Bluetooth,55:25:0e:31:e0:1e,-52,12,1588871824.450282,37
2020-05-07 13:17:04.452294,Bluetooth,55:25:0e:31:e0:1e,-49,12,1588871824.452294,38
2020-05-07 13:17:04.454059,Bluetooth,55:25:0e:31:e0:1e,-46,12,1588871824.454059,39
2020-05-07 13:17:04.722841,Bluetooth,55:25:0e:31:e0:1e,-52,12,1588871824.722841,37
2020-05-07 13:17:04.725461,Bluetooth,55:25:0e:31:e0:1e,-48,12,1588871824.725461,38
2020-05-07 13:17:04.727475,Bluetooth,55:25:0e:31:e0:1e,-48,12,1588871824.727475,39
2020-05-07 13:17:04.997869,Bluetooth,55:25:0e:31:e0:1e,-52,12,1588871824.997869,37
2020-05-07 13:17:05.002506,Bluetooth,55:25:0e:31:e0:1e,-49,12,1588871825.002506,38
2020-05-07 13:17:05.006587,Bluetooth,55:25:0e:31:e0:1e,-46,12,1588871825.006587,39
2020-05-07 13:17:05.267606,Bluetooth,55:25:0e:31:e0:1e,-52,12,1588871825.267606,37
2020-05-07 13:17:05.270479,Bluetooth,55:25:0e:31:e0:1e,-48,12,1588871825.270479,38
2020-05-07 13:17:05.272121,Bluetooth,55:25:0e:31:e0:1e,-47,12,1588871825.272121,39
2020-05-07 13:17:05.542819,Bluetooth,55:25:0e:31:e0:1e,-52,12,1588871825.542819,37
2020-05-07 13:17:05.546962,Bluetooth,55:25:0e:31:e0:1e,-48,12,1588871825.546962,38
2020-05-07 13:17:05.550651,Bluetooth,55:25:0e:31:e0:1e,-46,12,1588871825.550651,39
2020-05-07 13:17:05.820345,Bluetooth,55:25:0e:31:e0:1e,-52,12,1588871825.820345,37
2020-05-07 13:17:05.822248,Bluetooth,55:25:0e:31:e0:1e,-49,12,1588871825.822248,38
2020-05-07 13:17:05.824784,Bluetooth,55:25:0e:31:e0:1e,-48,12,1588871825.824784,39
2020-05-07 13:17:06.096420,Bluetooth,55:25:0e:31:e0:1e,-52,12,1588871826.09642,37
2020-05-07 13:17:06.100758,Bluetooth,55:25:0e:31:e0:1e,-49,12,1588871826.100758,38
2020-05-07 13:17:06.102466,Bluetooth,55:25:0e:31:e0:1e,-48,12,1588871826.102466,39
2020-05-07 13:17:06.921431,Bluetooth,55:25:0e:31:e0:1e,-52,12,1588871826.921431,37
2020-05-07 13:17:06.925677,Bluetooth,55:25:0e:31:e0:1e,-48,12,1588871826.925677,38
2020-05-07 13:17:06.929267,Bluetooth,55:25:0e:31:e0:1e,-48,12,1588871826.929267,39
2020-05-07 13:17:07.199545,Bluetooth,55:25:0e:31:e0:1e,-52,12,1588871827.199545,37
2020-05-07 13:17:07.203500,Bluetooth,55:25:0e:31:e0:1e,-48,12,1588871827.2035,38
2020-05-07 13:17:07.207136,Bluetooth,55:25:0e:31:e0:1e,-46,12,1588871827.207136,39
2020-05-07 13:17:07.475312,Bluetooth,55:25:0e:31:e0:1e,-48,12,1588871827.475312,37
2020-05-07 13:17:07.477188,Bluetooth,55:25:0e:31:e0:1e,-48,12,1588871827.477188,38
2020-05-07 13:17:07.478649,Bluetooth,55:25:0e:31:e0:1e,-48,12,1588871827.478649,39
2020-05-07 13:17:07.752546,Bluetooth,55:25:0e:31:e0:1e,-52,12,1588871827.752546,37
2020-05-07 13:17:07.762430,Bluetooth,55:25:0e:31:e0:1e,-48,12,1588871827.76243,38
2020-05-07 13:17:07.766243,Bluetooth,55:25:0e:31:e0:1e,-48,12,1588871827.766243,39
2020-05-07 13:17:08.023751,Bluetooth,55:25:0e:31:e0:1e,-52,12,1588871828.023751,37
2020-05-07 13:17:08.028548,Bluetooth,55:25:0e:31:e0:1e,-48,12,1588871828.028548,38
2020-05-07 13:17:08.031057,Bluetooth,55:25:0e:31:e0:1e,-46,12,1588871828.031057,39
2020-05-07 13:17:08.065308,Bluetooth,e5:77:66:f9:58:66,-52,12,1588871828.065308,37
2020-05-07 13:17:08.070287,Bluetooth,e5:77:66:f9:58:66,-48,12,1588871828.070287,38
2020-05-07 13:17:08.074640,Bluetooth,e5:77:66:f9:58:66,-47,12,1588871828.07464,39
2020-05-07 13:17:08.295317,Bluetooth,55:25:0e:31:e0:1e,-52,12,1588871828.295317,37
2020-05-07 13:17:08.297342,Bluetooth,55:25:0e:31:e0:1e,-48,12,1588871828.297342,38
2020-05-07 13:17:08.300115,Bluetooth,55:25:0e:31:e0:1e,-51,12,1588871828.300115,39
2020-05-07 13:17:08.574338,Bluetooth,55:25:0e:31:e0:1e,-52,12,1588871828.574338,37
2020-05-07 13:17:08.577631,Bluetooth,55:25:0e:31:e0:1e,-48,12,1588871828.577631,38
2020-05-07 13:17:08.581231,Bluetooth,55:25:0e:31:e0:1e,-47,12,1588871828.581231,39
2020-05-07 13:17:08.853415,Bluetooth,55:25:0e:31:e0:1e,-52,12,1588871828.853415,37
2020-05-07 13:17:08.857666,Bluetooth,55:25:0e:31:e0:1e,-48,12,1588871828.857666,38
2020-05-07 13:17:08.861268,Bluetooth,55:25:0e:31:e0:1e,-48,12,1588871828.861268,39
2020-05-07 13:17:09.124923,Bluetooth,55:25:0e:31:e0:1e,-52,12,1588871829.124923,37
2020-05-07 13:17:09.126755,Bluetooth,55:25:0e:31:e0:1e,-49,12,1588871829.126755,38
2020-05-07 13:17:09.128454,Bluetooth,55:25:0e:31:e0:1e,-47,12,1588871829.128454,39
2020-05-07 13:17:09.399407,Bluetooth,55:25:0e:31:e0:1e,-52,12,1588871829.399407,37
2020-05-07 13:17:09.403661,Bluetooth,55:25:0e:31:e0:1e,-48,12,1588871829.403661,38
2020-05-07 13:17:09.405841,Bluetooth,55:25:0e:31:e0:1e,-47,12,1588871829.405841,39
2020-05-07 13:17:10.070547,Bluetooth,e5:77:66:f9:58:66,-52,12,1588871830.070547,37
2020-05-07 13:17:10.075394,Bluetooth,e5:77:66:f9:58:66,-48,12,1588871830.075394,38
2020-05-07 13:17:10.079802,Bluetooth,e5:77:66:f9:58:66,-49,12,1588871830.079802,39
2020-05-07 13:17:10.227428,Bluetooth,55:25:0e:31:e0:1e,-52,12,1588871830.227428,37
2020-05-07 13:17:10.232645,Bluetooth,55:25:0e:31:e0:1e,-49,12,1588871830.232645,38
2020-05-07 13:17:10.236195,Bluetooth,55:25:0e:31:e0:1e,-47,12,1588871830.236195,39
2020-05-07 13:17:10.505103,Bluetooth,55:25:0e:31:e0:1e,-52,12,1588871830.505103,37
2020-05-07 13:17:10.509455,Bluetooth,55:25:0e:31:e0:1e,-49,12,1588871830.509455,38
2020-05-07 13:17:10.513199,Bluetooth,55:25:0e:31:e0:1e,-49,12,1588871830.513199,39
2020-05-07 13:17:10.779981,Bluetooth,55:25:0e:31:e0:1e,-52,12,1588871830.779981,37
2020-05-07 13:17:10.782497,Bluetooth,55:25:0e:31:e0:1e,-48,12,1588871830.782497,38
2020-05-07 13:17:10.783936,Bluetooth,55:25:0e:31:e0:1e,-48,12,1588871830.783936,39
2020-05-07 13:17:11.052539,Bluetooth,55:25:0e:31:e0:1e,-52,12,1588871831.052539,37
2020-05-07 13:17:11.054396,Bluetooth,55:25:0e:31:e0:1e,-48,12,1588871831.054396,38
2020-05-07 13:17:11.055841,Bluetooth,55:25:0e:31:e0:1e,-46,12,1588871831.055841,39
2020-05-07 13:17:11.333502,Bluetooth,55:25:0e:31:e0:1e,-52,12,1588871831.333502,37
2020-05-07 13:17:11.338096,Bluetooth,55:25:0e:31:e0:1e,-48,12,1588871831.338096,38
2020-05-07 13:17:11.340233,Bluetooth,55:25:0e:31:e0:1e,-49,12,1588871831.340233,39
2020-05-07 13:17:11.608521,Bluetooth,55:25:0e:31:e0:1e,-52,12,1588871831.608521,37
2020-05-07 13:17:11.612874,Bluetooth,55:25:0e:31:e0:1e,-48,12,1588871831.612874,38
2020-05-07 13:17:11.616596,Bluetooth,55:25:0e:31:e0:1e,-48,12,1588871831.616596,39
2020-05-07 13:17:11.878851,Bluetooth,55:25:0e:31:e0:1e,-52,12,1588871831.878851,37
2020-05-07 13:17:11.880732,Bluetooth,55:25:0e:31:e0:1e,-49,12,1588871831.880732,38
2020-05-07 13:17:11.882230,Bluetooth,55:25:0e:31:e0:1e,-49,12,1588871831.88223,39
2020-05-07 13:17:12.160805,Bluetooth,55:25:0e:31:e0:1e,-52,12,1588871832.160805,37
2020-05-07 13:17:12.164851,Bluetooth,55:25:0e:31:e0:1e,-48,12,1588871832.164851,38
2020-05-07 13:17:12.168510,Bluetooth,55:25:0e:31:e0:1e,-48,12,1588871832.16851,39
2020-05-07 13:17:12.438786,Bluetooth,55:25:0e:31:e0:1e,-52,12,1588871832.438786,37
2020-05-07 13:17:12.440669,Bluetooth,55:25:0e:31:e0:1e,-48,12,1588871832.440669,38
2020-05-07 13:17:12.442106,Bluetooth,55:25:0e:31:e0:1e,-44,12,1588871832.442106,39
2020-05-07 13:17:12.718593,Bluetooth,55:25:0e:31:e0:1e,-52,12,1588871832.718593,37
2020-05-07 13:17:12.723216,Bluetooth,55:25:0e:31:e0:1e,-49,12,1588871832.723216,38
2020-05-07 13:17:12.726969,Bluetooth,55:25:0e:31:e0:1e,-45,12,1588871832.726969,39
2020-05-07 13:17:13.810979,Bluetooth,55:25:0e:31:e0:1e,-52,12,1588871833.810979,37
2020-05-07 13:17:13.815388,Bluetooth,55:25:0e:31:e0:1e,-49,12,1588871833.815388,38
2020-05-07 13:17:13.819120,Bluetooth,55:25:0e:31:e0:1e,-44,12,1588871833.81912,39
2020-05-07 13:17:14.082001,Bluetooth,e5:77:66:f9:58:66,-49,12,1588871834.082001,37
2020-05-07 13:17:14.084217,Bluetooth,e5:77:66:f9:58:66,-48,12,1588871834.084217,38
2020-05-07 13:17:14.086283,Bluetooth,e5:77:66:f9:58:66,-47,12,1588871834.086283,39
2020-05-07 13:17:14.087934,Bluetooth,55:25:0e:31:e0:1e,-52,12,1588871834.087934,37
2020-05-07 13:17:14.089535,Bluetooth,55:25:0e:31:e0:1e,-48,12,1588871834.089535,38
2020-05-07 13:17:14.090971,Bluetooth,55:25:0e:31:e0:1e,-47,12,1588871834.090971,39
2020-05-07 13:17:14.358597,Bluetooth,55:25:0e:31:e0:1e,-52,12,1588871834.358597,37
2020-05-07 13:17:14.362950,Bluetooth,55:25:0e:31:e0:1e,-51,12,1588871834.36295,38
2020-05-07 13:17:14.366588,Bluetooth,55:25:0e:31:e0:1e,-45,12,1588871834.366588,39
2020-05-07 13:17:14.630750,Bluetooth,55:25:0e:31:e0:1e,-52,12,1588871834.63075,37
2020-05-07 13:17:14.632727,Bluetooth,55:25:0e:31:e0:1e,-49,12,1588871834.632727,38
2020-05-07 13:17:14.634251,Bluetooth,55:25:0e:31:e0:1e,-47,12,1588871834.634251,39
2020-05-07 13:17:14.904685,Bluetooth,55:25:0e:31:e0:1e,-52,12,1588871834.904685,37
2020-05-07 13:17:14.908973,Bluetooth,55:25:0e:31:e0:1e,-49,12,1588871834.908973,38
2020-05-07 13:17:14.912662,Bluetooth,55:25:0e:31:e0:1e,-46,12,1588871834.912662,39
2020-05-07 13:17:15.178794,Bluetooth,55:25:0e:31:e0:1e,-52,12,1588871835.178794,37
2020-05-07 13:17:15.181419,Bluetooth,55:25:0e:31:e0:1e,-48,12,1588871835.181419,38
2020-05-07 13:17:15.182912,Bluetooth,55:25:0e:31:e0:1e,-46,12,1588871835.182912,39
2020-05-07 13:17:15.456539,Bluetooth,55:25:0e:31:e0:1e,-52,12,1588871835.456539,37
2020-05-07 13:17:15.458842,Bluetooth,55:25:0e:31:e0:1e,-48,12,1588871835.458842,38
2020-05-07 13:17:15.460628,Bluetooth,55:25:0e:31:e0:1e,-48,12,1588871835.460628,39
2020-05-07 13:17:15.726486,Bluetooth,55:25:0e:31:e0:1e,-52,12,1588871835.726486,37
2020-05-07 13:17:15.728378,Bluetooth,55:25:0e:31:e0:1e,-48,12,1588871835.728378,38
2020-05-07 13:17:15.730327,Bluetooth,55:25:0e:31:e0:1e,-46,12,1588871835.730327,39
2020-05-07 13:17:16.000686,Bluetooth,55:25:0e:31:e0:1e,-52,12,1588871836.000686,37
2020-05-07 13:17:16.005429,Bluetooth,55:25:0e:31:e0:1e,-48,12,1588871836.005429,38
2020-05-07 13:17:16.009195,Bluetooth,55:25:0e:31:e0:1e,-48,12,1588871836.009195,39
2020-05-07 13:17:16.089433,Bluetooth,e5:77:66:f9:58:66,-49,12,1588871836.089433,37
2020-05-07 13:17:16.094475,Bluetooth,e5:77:66:f9:58:66,-48,12,1588871836.094475,38
2020-05-07 13:17:16.098839,Bluetooth,e5:77:66:f9:58:66,-47,12,1588871836.098839,39
2020-05-07 13:17:16.822712,Bluetooth,55:25:0e:31:e0:1e,-52,12,1588871836.822712,37
2020-05-07 13:17:16.826987,Bluetooth,55:25:0e:31:e0:1e,-48,12,1588871836.826987,38
2020-05-07 13:17:16.830533,Bluetooth,55:25:0e:31:e0:1e,-48,12,1588871836.830533,39
2020-05-07 13:17:17.095147,Bluetooth,55:25:0e:31:e0:1e,-52,12,1588871837.095147,37
2020-05-07 13:17:17.128552,Bluetooth,55:25:0e:31:e0:1e,-49,12,1588871837.128552,38
2020-05-07 13:17:17.132712,Bluetooth,55:25:0e:31:e0:1e,-48,12,1588871837.132712,39
2020-05-07 13:17:17.373588,Bluetooth,55:25:0e:31:e0:1e,-52,12,1588871837.373588,37
2020-05-07 13:17:17.377806,Bluetooth,55:25:0e:31:e0:1e,-49,12,1588871837.377806,38
2020-05-07 13:17:17.381403,Bluetooth,55:25:0e:31:e0:1e,-48,12,1588871837.381403,39
2020-05-07 13:17:17.651519,Bluetooth,55:25:0e:31:e0:1e,-52,12,1588871837.651519,37
2020-05-07 13:17:17.653367,Bluetooth,55:25:0e:31:e0:1e,-49,12,1588871837.653367,38
2020-05-07 13:17:17.654860,Bluetooth,55:25:0e:31:e0:1e,-49,12,1588871837.65486,39
2020-05-07 13:17:17.927360,Bluetooth,55:25:0e:31:e0:1e,-52,12,1588871837.92736,37
2020-05-07 13:17:17.931613,Bluetooth,55:25:0e:31:e0:1e,-51,12,1588871837.931613,38
2020-05-07 13:17:17.935207,Bluetooth,55:25:0e:31:e0:1e,-47,12,1588871837.935207,39
2020-05-07 13:17:18.098321,Bluetooth,e5:77:66:f9:58:66,-53,12,1588871838.098321,37
2020-05-07 13:17:18.103277,Bluetooth,e5:77:66:f9:58:66,-48,12,1588871838.103277,38
2020-05-07 13:17:18.105730,Bluetooth,e5:77:66:f9:58:66,-45,12,1588871838.10573,39
2020-05-07 13:17:18.198640,Bluetooth,55:25:0e:31:e0:1e,-52,12,1588871838.19864,37
2020-05-07 13:17:18.203305,Bluetooth,55:25:0e:31:e0:1e,-48,12,1588871838.203305,38
2020-05-07 13:17:18.207243,Bluetooth,55:25:0e:31:e0:1e,-46,12,1588871838.207243,39
2020-05-07 13:17:18.474642,Bluetooth,55:25:0e:31:e0:1e,-52,12,1588871838.474642,37
2020-05-07 13:17:18.479198,Bluetooth,55:25:0e:31:e0:1e,-48,12,1588871838.479198,38
2020-05-07 13:17:18.482923,Bluetooth,55:25:0e:31:e0:1e,-48,12,1588871838.482923,39
2020-05-07 13:17:18.745004,Bluetooth,55:25:0e:31:e0:1e,-52,12,1588871838.745004,37
2020-05-07 13:17:18.747131,Bluetooth,55:25:0e:31:e0:1e,-48,12,1588871838.747131,38
2020-05-07 13:17:18.748695,Bluetooth,55:25:0e:31:e0:1e,-47,12,1588871838.748695,39
2020-05-07 13:17:19.015681,Bluetooth,55:25:0e:31:e0:1e,-52,12,1588871839.015681,37
2020-05-07 13:17:19.019984,Bluetooth,55:25:0e:31:e0:1e,-48,12,1588871839.019984,38
2020-05-07 13:17:19.023629,Bluetooth,55:25:0e:31:e0:1e,-46,12,1588871839.023629,39
2020-05-07 13:17:19.288958,Bluetooth,55:25:0e:31:e0:1e,-52,12,1588871839.288958,37
2020-05-07 13:17:19.290960,Bluetooth,55:25:0e:31:e0:1e,-48,12,1588871839.29096,38
2020-05-07 13:17:19.292507,Bluetooth,55:25:0e:31:e0:1e,-47,12,1588871839.292507,39
2020-05-07 13:17:20.107524,Bluetooth,e5:77:66:f9:58:66,-56,12,1588871840.107524,37
2020-05-07 13:17:20.113224,Bluetooth,e5:77:66:f9:58:66,-48,12,1588871840.113224,38
2020-05-07 13:17:20.115435,Bluetooth,e5:77:66:f9:58:66,-45,12,1588871840.115435,39
2020-05-07 13:17:20.117681,Bluetooth,55:25:0e:31:e0:1e,-52,12,1588871840.117681,37
2020-05-07 13:17:20.119505,Bluetooth,55:25:0e:31:e0:1e,-48,12,1588871840.119505,38
2020-05-07 13:17:20.120985,Bluetooth,55:25:0e:31:e0:1e,-47,12,1588871840.120985,39
2020-05-07 13:17:20.395736,Bluetooth,55:25:0e:31:e0:1e,-52,12,1588871840.395736,37
2020-05-07 13:17:20.400214,Bluetooth,55:25:0e:31:e0:1e,-49,12,1588871840.400214,38
2020-05-07 13:17:20.404402,Bluetooth,55:25:0e:31:e0:1e,-48,12,1588871840.404402,39
2020-05-07 13:17:20.668998,Bluetooth,55:25:0e:31:e0:1e,-52,12,1588871840.668998,37
2020-05-07 13:17:20.673373,Bluetooth,55:25:0e:31:e0:1e,-48,12,1588871840.673373,38
2020-05-07 13:17:20.677130,Bluetooth,55:25:0e:31:e0:1e,-47,12,1588871840.67713,39
2020-05-07 13:17:20.946736,Bluetooth,55:25:0e:31:e0:1e,-52,12,1588871840.946736,37
2020-05-07 13:17:20.948650,Bluetooth,55:25:0e:31:e0:1e,-48,12,1588871840.94865,38
2020-05-07 13:17:20.950171,Bluetooth,55:25:0e:31:e0:1e,-47,12,1588871840.950171,39
2020-05-07 13:17:21.228780,Bluetooth,55:25:0e:31:e0:1e,-52,12,1588871841.22878,37
2020-05-07 13:17:21.233058,Bluetooth,55:25:0e:31:e0:1e,-52,12,1588871841.233058,38
2020-05-07 13:17:21.236741,Bluetooth,55:25:0e:31:e0:1e,-52,12,1588871841.236741,39
2020-05-07 13:17:21.503643,Bluetooth,55:25:0e:31:e0:1e,-52,12,1588871841.503643,37
2020-05-07 13:17:21.505529,Bluetooth,55:25:0e:31:e0:1e,-48,12,1588871841.505529,38
2020-05-07 13:17:21.506983,Bluetooth,55:25:0e:31:e0:1e,-47,12,1588871841.506983,39
2020-05-07 13:17:21.775694,Bluetooth,55:25:0e:31:e0:1e,-52,12,1588871841.775694,37
2020-05-07 13:17:21.779906,Bluetooth,55:25:0e:31:e0:1e,-49,12,1588871841.779906,38
2020-05-07 13:17:21.782039,Bluetooth,55:25:0e:31:e0:1e,-49,12,1588871841.782039,39
2020-05-07 13:17:22.045647,Bluetooth,55:25:0e:31:e0:1e,-53,12,1588871842.045647,37
2020-05-07 13:17:22.047484,Bluetooth,55:25:0e:31:e0:1e,-49,12,1588871842.047484,38
2020-05-07 13:17:22.048968,Bluetooth,55:25:0e:31:e0:1e,-49,12,1588871842.048968,39
2020-05-07 13:17:22.111017,Bluetooth,e5:77:66:f9:58:66,-52,12,1588871842.111017,37
2020-05-07 13:17:22.113566,Bluetooth,e5:77:66:f9:58:66,-48,12,1588871842.113566,38
2020-05-07 13:17:22.115597,Bluetooth,e5:77:66:f9:58:66,-45,12,1588871842.115597,39
2020-05-07 13:17:22.323946,Bluetooth,55:25:0e:31:e0:1e,-52,12,1588871842.323946,37
2020-05-07 13:17:22.332334,Bluetooth,55:25:0e:31:e0:1e,-48,12,1588871842.332334,38
2020-05-07 13:17:22.335926,Bluetooth,55:25:0e:31:e0:1e,-51,12,1588871842.335926,39
2020-05-07 13:17:22.593836,Bluetooth,55:25:0e:31:e0:1e,-52,12,1588871842.593836,37
2020-05-07 13:17:22.598433,Bluetooth,55:25:0e:31:e0:1e,-48,12,1588871842.598433,38
2020-05-07 13:17:22.600838,Bluetooth,55:25:0e:31:e0:1e,-48,12,1588871842.600838,39
2020-05-07 13:17:23.412846,Bluetooth,55:25:0e:31:e0:1e,-52,12,1588871843.412846,37
2020-05-07 13:17:23.417142,Bluetooth,55:25:0e:31:e0:1e,-48,12,1588871843.417142,38
2020-05-07 13:17:23.419129,Bluetooth,55:25:0e:31:e0:1e,-48,12,1588871843.419129,39
2020-05-07 13:17:23.682811,Bluetooth,55:25:0e:31:e0:1e,-52,12,1588871843.682811,37
2020-05-07 13:17:23.684728,Bluetooth,55:25:0e:31:e0:1e,-48,12,1588871843.684728,38
2020-05-07 13:17:23.686183,Bluetooth,55:25:0e:31:e0:1e,-47,12,1588871843.686183,39
2020-05-07 13:17:23.958793,Bluetooth,55:25:0e:31:e0:1e,-52,12,1588871843.958793,37
2020-05-07 13:17:23.963061,Bluetooth,55:25:0e:31:e0:1e,-48,12,1588871843.963061,38
2020-05-07 13:17:23.966625,Bluetooth,55:25:0e:31:e0:1e,-46,12,1588871843.966625,39
2020-05-07 13:17:24.113504,Bluetooth,e5:77:66:f9:58:66,-49,12,1588871844.113504,37
2020-05-07 13:17:24.118992,Bluetooth,e5:77:66:f9:58:66,-48,12,1588871844.118992,38
2020-05-07 13:17:24.121568,Bluetooth,e5:77:66:f9:58:66,-45,12,1588871844.121568,39
2020-05-07 13:17:24.235692,Bluetooth,55:25:0e:31:e0:1e,-52,12,1588871844.235692,37
2020-05-07 13:17:24.240527,Bluetooth,55:25:0e:31:e0:1e,-51,12,1588871844.240527,38
2020-05-07 13:17:24.244133,Bluetooth,55:25:0e:31:e0:1e,-47,12,1588871844.244133,39
2020-05-07 13:17:24.513746,Bluetooth,55:25:0e:31:e0:1e,-52,12,1588871844.513746,37
2020-05-07 13:17:24.518062,Bluetooth,55:25:0e:31:e0:1e,-48,12,1588871844.518062,38
2020-05-07 13:17:24.521382,Bluetooth,55:25:0e:31:e0:1e,-47,12,1588871844.521382,39
2020-05-07 13:17:24.788789,Bluetooth,55:25:0e:31:e0:1e,-52,12,1588871844.788789,37
2020-05-07 13:17:24.790673,Bluetooth,55:25:0e:31:e0:1e,-48,12,1588871844.790673,38
2020-05-07 13:17:24.792397,Bluetooth,55:25:0e:31:e0:1e,-48,12,1588871844.792397,39
2020-05-07 13:17:25.068858,Bluetooth,55:25:0e:31:e0:1e,-52,12,1588871845.068858,37
2020-05-07 13:17:25.073113,Bluetooth,55:25:0e:31:e0:1e,-49,12,1588871845.073113,38
2020-05-07 13:17:25.076742,Bluetooth,55:25:0e:31:e0:1e,-46,12,1588871845.076742,39
2020-05-07 13:17:25.346686,Bluetooth,55:25:0e:31:e0:1e,-52,12,1588871845.346686,37
2020-05-07 13:17:25.350386,Bluetooth,55:25:0e:31:e0:1e,-48,12,1588871845.350386,38
2020-05-07 13:17:25.353996,Bluetooth,55:25:0e:31:e0:1e,-48,12,1588871845.353996,39
2020-05-07 13:17:25.622816,Bluetooth,55:25:0e:31:e0:1e,-52,12,1588871845.622816,37
2020-05-07 13:17:25.627116,Bluetooth,55:25:0e:31:e0:1e,-48,12,1588871845.627116,38
2020-05-07 13:17:25.630781,Bluetooth,55:25:0e:31:e0:1e,-48,12,1588871845.630781,39
2020-05-07 13:17:25.898788,Bluetooth,55:25:0e:31:e0:1e,-52,12,1588871845.898788,37
2020-05-07 13:17:25.900619,Bluetooth,55:25:0e:31:e0:1e,-52,12,1588871845.900619,38
2020-05-07 13:17:25.902085,Bluetooth,55:25:0e:31:e0:1e,-47,12,1588871845.902085,39
2020-05-07 13:17:26.114670,Bluetooth,e5:77:66:f9:58:66,-52,12,1588871846.11467,37
2020-05-07 13:17:26.120036,Bluetooth,e5:77:66:f9:58:66,-48,12,1588871846.120036,38
2020-05-07 13:17:26.123382,Bluetooth,e5:77:66:f9:58:66,-46,12,1588871846.123382,39
2020-05-07 13:17:26.733878,Bluetooth,55:25:0e:31:e0:1e,-52,12,1588871846.733878,37
2020-05-07 13:17:26.738193,Bluetooth,55:25:0e:31:e0:1e,-48,12,1588871846.738193,38
2020-05-07 13:17:26.741523,Bluetooth,55:25:0e:31:e0:1e,-48,12,1588871846.741523,39
2020-05-07 13:17:27.005867,Bluetooth,55:25:0e:31:e0:1e,-52,12,1588871847.005867,37
2020-05-07 13:17:27.010130,Bluetooth,55:25:0e:31:e0:1e,-49,12,1588871847.01013,38
2020-05-07 13:17:27.013423,Bluetooth,55:25:0e:31:e0:1e,-49,12,1588871847.013423,39
2020-05-07 13:17:27.276759,Bluetooth,55:25:0e:31:e0:1e,-52,12,1588871847.276759,37
2020-05-07 13:17:27.278604,Bluetooth,55:25:0e:31:e0:1e,-48,12,1588871847.278604,38
2020-05-07 13:17:27.280045,Bluetooth,55:25:0e:31:e0:1e,-44,12,1588871847.280045,39
2020-05-07 13:17:27.559069,Bluetooth,55:25:0e:31:e0:1e,-52,12,1588871847.559069,37
2020-05-07 13:17:27.563979,Bluetooth,55:25:0e:31:e0:1e,-48,12,1588871847.563979,38
2020-05-07 13:17:27.567875,Bluetooth,55:25:0e:31:e0:1e,-51,12,1588871847.567875,39
2020-05-07 13:17:27.836896,Bluetooth,55:25:0e:31:e0:1e,-52,12,1588871847.836896,37
2020-05-07 13:17:27.838711,Bluetooth,55:25:0e:31:e0:1e,-48,12,1588871847.838711,38
2020-05-07 13:17:27.840274,Bluetooth,55:25:0e:31:e0:1e,-48,12,1588871847.840274,39
2020-05-07 13:17:28.119004,Bluetooth,e5:77:66:f9:58:66,-53,12,1588871848.119004,37
2020-05-07 13:17:28.121348,Bluetooth,e5:77:66:f9:58:66,-48,12,1588871848.121348,38
2020-05-07 13:17:28.123323,Bluetooth,e5:77:66:f9:58:66,-45,12,1588871848.123323,39
2020-05-07 13:17:28.124965,Bluetooth,55:25:0e:31:e0:1e,-50,12,1588871848.124965,37
2020-05-07 13:17:28.126546,Bluetooth,55:25:0e:31:e0:1e,-48,12,1588871848.126546,38
2020-05-07 13:17:28.127998,Bluetooth,55:25:0e:31:e0:1e,-47,12,1588871848.127998,39
2020-05-07 13:17:28.394717,Bluetooth,55:25:0e:31:e0:1e,-52,12,1588871848.394717,37
2020-05-07 13:17:28.396612,Bluetooth,55:25:0e:31:e0:1e,-48,12,1588871848.396612,38
2020-05-07 13:17:28.398097,Bluetooth,55:25:0e:31:e0:1e,-46,12,1588871848.398097,39
2020-05-07 13:17:28.672182,Bluetooth,55:25:0e:31:e0:1e,-52,12,1588871848.672182,37
2020-05-07 13:17:28.675566,Bluetooth,55:25:0e:31:e0:1e,-48,12,1588871848.675566,38
2020-05-07 13:17:28.677535,Bluetooth,55:25:0e:31:e0:1e,-46,12,1588871848.677535,39
2020-05-07 13:17:28.950735,Bluetooth,55:25:0e:31:e0:1e,-52,12,1588871848.950735,37
2020-05-07 13:17:28.954413,Bluetooth,55:25:0e:31:e0:1e,-49,12,1588871848.954413,38
2020-05-07 13:17:28.958057,Bluetooth,55:25:0e:31:e0:1e,-44,12,1588871848.958057,39
2020-05-07 13:17:29.227935,Bluetooth,55:25:0e:31:e0:1e,-52,12,1588871849.227935,37
2020-05-07 13:17:29.232670,Bluetooth,55:25:0e:31:e0:1e,-48,12,1588871849.23267,38
2020-05-07 13:17:29.234827,Bluetooth,55:25:0e:31:e0:1e,-47,12,1588871849.234827,39
2020-05-07 13:17:29.498064,Bluetooth,55:25:0e:31:e0:1e,-52,12,1588871849.498064,37
2020-05-07 13:17:29.500096,Bluetooth,55:25:0e:31:e0:1e,-48,12,1588871849.500096,38
2020-05-07 13:17:29.501631,Bluetooth,55:25:0e:31:e0:1e,-46,12,1588871849.501631,39
2020-05-07 13:17:30.125944,Bluetooth,e5:77:66:f9:58:66,-53,12,1588871850.125944,37
2020-05-07 13:17:30.131250,Bluetooth,e5:77:66:f9:58:66,-48,12,1588871850.13125,38
2020-05-07 13:17:30.134294,Bluetooth,e5:77:66:f9:58:66,-47,12,1588871850.134294,39
2020-05-07 13:17:30.330151,Bluetooth,55:25:0e:31:e0:1e,-52,12,1588871850.330151,37
2020-05-07 13:17:30.334537,Bluetooth,55:25:0e:31:e0:1e,-48,12,1588871850.334537,38
2020-05-07 13:17:30.337686,Bluetooth,55:25:0e:31:e0:1e,-48,12,1588871850.337686,39
2020-05-07 13:17:30.602308,Bluetooth,55:25:0e:31:e0:1e,-52,12,1588871850.602308,37
2020-05-07 13:17:30.604559,Bluetooth,55:25:0e:31:e0:1e,-48,12,1588871850.604559,38
2020-05-07 13:17:30.606200,Bluetooth,55:25:0e:31:e0:1e,-48,12,1588871850.6062,39
2020-05-07 13:17:30.882077,Bluetooth,55:25:0e:31:e0:1e,-52,12,1588871850.882077,37
2020-05-07 13:17:30.886426,Bluetooth,55:25:0e:31:e0:1e,-48,12,1588871850.886426,38
2020-05-07 13:17:30.889590,Bluetooth,55:25:0e:31:e0:1e,-49,12,1588871850.88959,39
2020-05-07 13:17:31.152287,Bluetooth,55:25:0e:31:e0:1e,-50,12,1588871851.152287,37
2020-05-07 13:17:31.154156,Bluetooth,55:25:0e:31:e0:1e,-48,12,1588871851.154156,38
2020-05-07 13:17:31.155605,Bluetooth,55:25:0e:31:e0:1e,-49,12,1588871851.155605,39
2020-05-07 13:17:31.422112,Bluetooth,55:25:0e:31:e0:1e,-52,12,1588871851.422112,37
2020-05-07 13:17:31.424134,Bluetooth,55:25:0e:31:e0:1e,-48,12,1588871851.424134,38
2020-05-07 13:17:31.425899,Bluetooth,55:25:0e:31:e0:1e,-48,12,1588871851.425899,39
2020-05-07 13:17:31.701987,Bluetooth,55:25:0e:31:e0:1e,-52,12,1588871851.701987,37
2020-05-07 13:17:31.706325,Bluetooth,55:25:0e:31:e0:1e,-48,12,1588871851.706325,38
2020-05-07 13:17:31.709934,Bluetooth,55:25:0e:31:e0:1e,-48,12,1588871851.709934,39
2020-05-07 13:17:31.982114,Bluetooth,55:25:0e:31:e0:1e,-52,12,1588871851.982114,37
2020-05-07 13:17:31.986554,Bluetooth,55:25:0e:31:e0:1e,-49,12,1588871851.986554,38
2020-05-07 13:17:31.989670,Bluetooth,55:25:0e:31:e0:1e,-49,12,1588871851.98967,39
2020-05-07 13:17:32.132784,Bluetooth,e5:77:66:f9:58:66,-53,12,1588871852.132784,37
2020-05-07 13:17:32.138082,Bluetooth,e5:77:66:f9:58:66,-48,12,1588871852.138082,38
2020-05-07 13:17:32.142716,Bluetooth,e5:77:66:f9:58:66,-45,12,1588871852.142716,39
2020-05-07 13:17:32.259235,Bluetooth,55:25:0e:31:e0:1e,-52,12,1588871852.259235,37
2020-05-07 13:17:32.263895,Bluetooth,55:25:0e:31:e0:1e,-49,12,1588871852.263895,38
2020-05-07 13:17:32.268781,Bluetooth,55:25:0e:31:e0:1e,-48,12,1588871852.268781,39
2020-05-07 13:17:32.535362,Bluetooth,55:25:0e:31:e0:1e,-52,12,1588871852.535362,37
2020-05-07 13:17:32.539505,Bluetooth,55:25:0e:31:e0:1e,-51,12,1588871852.539505,38
2020-05-07 13:17:32.543171,Bluetooth,55:25:0e:31:e0:1e,-47,12,1588871852.543171,39
2020-05-07 13:17:32.810951,Bluetooth,55:25:0e:31:e0:1e,-52,12,1588871852.810951,37
2020-05-07 13:17:32.812835,Bluetooth,55:25:0e:31:e0:1e,-48,12,1588871852.812835,38
2020-05-07 13:17:32.814399,Bluetooth,55:25:0e:31:e0:1e,-45,12,1588871852.814399,39
2020-05-07 13:17:33.362052,Bluetooth,55:25:0e:31:e0:1e,-52,12,1588871853.362052,37
2020-05-07 13:17:33.363970,Bluetooth,55:25:0e:31:e0:1e,-48,12,1588871853.36397,38
2020-05-07 13:17:33.365572,Bluetooth,55:25:0e:31:e0:1e,-49,12,1588871853.365572,39
2020-05-07 13:17:33.918078,Bluetooth,55:25:0e:31:e0:1e,-52,12,1588871853.918078,37
2020-05-07 13:17:33.920828,Bluetooth,55:25:0e:31:e0:1e,-48,12,1588871853.920828,38
2020-05-07 13:17:33.922494,Bluetooth,55:25:0e:31:e0:1e,-48,12,1588871853.922494,39
2020-05-07 13:17:34.132498,Bluetooth,e5:77:66:f9:58:66,-53,12,1588871854.132498,37
2020-05-07 13:17:34.138077,Bluetooth,e5:77:66:f9:58:66,-48,12,1588871854.138077,38
2020-05-07 13:17:34.142802,Bluetooth,e5:77:66:f9:58:66,-45,12,1588871854.142802,39
2020-05-07 13:17:34.195394,Bluetooth,55:25:0e:31:e0:1e,-52,12,1588871854.195394,37
2020-05-07 13:17:34.199472,Bluetooth,55:25:0e:31:e0:1e,-48,12,1588871854.199472,38
2020-05-07 13:17:34.203153,Bluetooth,55:25:0e:31:e0:1e,-48,12,1588871854.203153,39
2020-05-07 13:17:34.473064,Bluetooth,55:25:0e:31:e0:1e,-52,12,1588871854.473064,37
2020-05-07 13:17:34.474947,Bluetooth,55:25:0e:31:e0:1e,-49,12,1588871854.474947,38
2020-05-07 13:17:34.477564,Bluetooth,55:25:0e:31:e0:1e,-49,12,1588871854.477564,39
2020-05-07 13:17:34.749368,Bluetooth,55:25:0e:31:e0:1e,-52,12,1588871854.749368,37
2020-05-07 13:17:34.753775,Bluetooth,55:25:0e:31:e0:1e,-48,12,1588871854.753775,38
2020-05-07 13:17:34.757368,Bluetooth,55:25:0e:31:e0:1e,-52,12,1588871854.757368,39
2020-05-07 13:17:35.023032,Bluetooth,55:25:0e:31:e0:1e,-52,12,1588871855.023032,37
2020-05-07 13:17:35.024986,Bluetooth,55:25:0e:31:e0:1e,-48,12,1588871855.024986,38
2020-05-07 13:17:35.026455,Bluetooth,55:25:0e:31:e0:1e,-46,12,1588871855.026455,39
2020-05-07 13:17:35.305156,Bluetooth,55:25:0e:31:e0:1e,-52,12,1588871855.305156,37
2020-05-07 13:17:35.309895,Bluetooth,55:25:0e:31:e0:1e,-49,12,1588871855.309895,38
2020-05-07 13:17:35.313506,Bluetooth,55:25:0e:31:e0:1e,-47,12,1588871855.313506,39
2020-05-07 13:17:35.575467,Bluetooth,55:25:0e:31:e0:1e,-52,12,1588871855.575467,37
2020-05-07 13:17:35.580042,Bluetooth,55:25:0e:31:e0:1e,-48,12,1588871855.580042,38
2020-05-07 13:17:35.582274,Bluetooth,55:25:0e:31:e0:1e,-48,12,1588871855.582274,39
2020-05-07 13:17:35.854069,Bluetooth,55:25:0e:31:e0:1e,-52,12,1588871855.854069,37
2020-05-07 13:17:35.858397,Bluetooth,55:25:0e:31:e0:1e,-48,12,1588871855.858397,38
2020-05-07 13:17:35.861593,Bluetooth,55:25:0e:31:e0:1e,-46,12,1588871855.861593,39
2020-05-07 13:17:36.129896,Bluetooth,55:25:0e:31:e0:1e,-52,12,1588871856.129896,37
2020-05-07 13:17:36.132161,Bluetooth,55:25:0e:31:e0:1e,-48,12,1588871856.132161,38
2020-05-07 13:17:36.133908,Bluetooth,55:25:0e:31:e0:1e,-46,12,1588871856.133908,39
2020-05-07 13:17:36.135801,Bluetooth,e5:77:66:f9:58:66,-53,12,1588871856.135801,37
2020-05-07 13:17:36.137723,Bluetooth,e5:77:66:f9:58:66,-48,12,1588871856.137723,38
2020-05-07 13:17:36.139479,Bluetooth,e5:77:66:f9:58:66,-46,12,1588871856.139479,39
2020-05-07 13:17:36.405027,Bluetooth,55:25:0e:31:e0:1e,-52,12,1588871856.405027,37
2020-05-07 13:17:36.409651,Bluetooth,55:25:0e:31:e0:1e,-48,12,1588871856.409651,38
2020-05-07 13:17:36.413317,Bluetooth,55:25:0e:31:e0:1e,-47,12,1588871856.413317,39
2020-05-07 13:17:37.233126,Bluetooth,55:25:0e:31:e0:1e,-52,12,1588871857.233126,37
2020-05-07 13:17:37.237584,Bluetooth,55:25:0e:31:e0:1e,-48,12,1588871857.237584,38
2020-05-07 13:17:37.241331,Bluetooth,55:25:0e:31:e0:1e,-48,12,1588871857.241331,39
2020-05-07 13:17:37.506986,Bluetooth,55:25:0e:31:e0:1e,-52,12,1588871857.506986,37
2020-05-07 13:17:37.511226,Bluetooth,55:25:0e:31:e0:1e,-48,12,1588871857.511226,38
2020-05-07 13:17:37.514847,Bluetooth,55:25:0e:31:e0:1e,-47,12,1588871857.514847,39
2020-05-07 13:17:37.780196,Bluetooth,55:25:0e:31:e0:1e,-52,12,1588871857.780196,37
2020-05-07 13:17:37.782067,Bluetooth,55:25:0e:31:e0:1e,-48,12,1588871857.782067,38
2020-05-07 13:17:37.783526,Bluetooth,55:25:0e:31:e0:1e,-49,12,1588871857.783526,39
2020-05-07 13:17:38.062057,Bluetooth,55:25:0e:31:e0:1e,-52,12,1588871858.062057,37
2020-05-07 13:17:38.067335,Bluetooth,55:25:0e:31:e0:1e,-48,12,1588871858.067335,38
2020-05-07 13:17:38.069540,Bluetooth,55:25:0e:31:e0:1e,-47,12,1588871858.06954,39
2020-05-07 13:17:38.333677,Bluetooth,55:25:0e:31:e0:1e,-52,12,1588871858.333677,37
2020-05-07 13:17:38.335595,Bluetooth,55:25:0e:31:e0:1e,-49,12,1588871858.335595,38
2020-05-07 13:17:38.337108,Bluetooth,55:25:0e:31:e0:1e,-52,12,1588871858.337108,39
2020-05-07 13:17:38.608062,Bluetooth,55:25:0e:31:e0:1e,-52,12,1588871858.608062,37
2020-05-07 13:17:38.609972,Bluetooth,55:25:0e:31:e0:1e,-48,12,1588871858.609972,38
2020-05-07 13:17:38.612544,Bluetooth,55:25:0e:31:e0:1e,-47,12,1588871858.612544,39
2020-05-07 13:17:38.889073,Bluetooth,55:25:0e:31:e0:1e,-52,12,1588871858.889073,37
2020-05-07 13:17:38.893415,Bluetooth,55:25:0e:31:e0:1e,-49,12,1588871858.893415,38
2020-05-07 13:17:38.897126,Bluetooth,55:25:0e:31:e0:1e,-49,12,1588871858.897126,39
2020-05-07 13:17:39.169061,Bluetooth,55:25:0e:31:e0:1e,-52,12,1588871859.169061,37
2020-05-07 13:17:39.173301,Bluetooth,55:25:0e:31:e0:1e,-49,12,1588871859.173301,38
2020-05-07 13:17:39.176914,Bluetooth,55:25:0e:31:e0:1e,-48,12,1588871859.176914,39
2020-05-07 13:17:39.440136,Bluetooth,55:25:0e:31:e0:1e,-52,12,1588871859.440136,37
2020-05-07 13:17:39.442742,Bluetooth,55:25:0e:31:e0:1e,-48,12,1588871859.442742,38
2020-05-07 13:17:39.444281,Bluetooth,55:25:0e:31:e0:1e,-44,12,1588871859.444281,39
2020-05-07 13:17:39.714987,Bluetooth,55:25:0e:31:e0:1e,-52,12,1588871859.714987,37
2020-05-07 13:17:39.717229,Bluetooth,55:25:0e:31:e0:1e,-48,12,1588871859.717229,38
2020-05-07 13:17:39.719025,Bluetooth,55:25:0e:31:e0:1e,-49,12,1588871859.719025,39
2020-05-07 13:17:40.146309,Bluetooth,e5:77:66:f9:58:66,-49,12,1588871860.146309,37
2020-05-07 13:17:40.148680,Bluetooth,e5:77:66:f9:58:66,-48,12,1588871860.14868,38
2020-05-07 13:17:40.150647,Bluetooth,e5:77:66:f9:58:66,-46,12,1588871860.150647,39
2020-05-07 13:17:40.263082,Bluetooth,55:25:0e:31:e0:1e,-52,12,1588871860.263082,37
2020-05-07 13:17:40.267408,Bluetooth,55:25:0e:31:e0:1e,-48,12,1588871860.267408,38
2020-05-07 13:17:40.269931,Bluetooth,55:25:0e:31:e0:1e,-52,12,1588871860.269931,39
2020-05-07 13:17:40.807159,Bluetooth,55:25:0e:31:e0:1e,-52,12,1588871860.807159,37
2020-05-07 13:17:40.811422,Bluetooth,55:25:0e:31:e0:1e,-48,12,1588871860.811422,38
2020-05-07 13:17:40.815076,Bluetooth,55:25:0e:31:e0:1e,-48,12,1588871860.815076,39
2020-05-07 13:17:41.083081,Bluetooth,55:25:0e:31:e0:1e,-52,12,1588871861.083081,37
2020-05-07 13:17:41.085029,Bluetooth,55:25:0e:31:e0:1e,-48,12,1588871861.085029,38
2020-05-07 13:17:41.086480,Bluetooth,55:25:0e:31:e0:1e,-48,12,1588871861.08648,39
2020-05-07 13:17:41.355978,Bluetooth,55:25:0e:31:e0:1e,-52,12,1588871861.355978,37
2020-05-07 13:17:41.357850,Bluetooth,55:25:0e:31:e0:1e,-49,12,1588871861.35785,38
2020-05-07 13:17:41.359362,Bluetooth,55:25:0e:31:e0:1e,-49,12,1588871861.359362,39
2020-05-07 13:17:41.628051,Bluetooth,55:25:0e:31:e0:1e,-52,12,1588871861.628051,37
2020-05-07 13:17:41.629885,Bluetooth,55:25:0e:31:e0:1e,-48,12,1588871861.629885,38
2020-05-07 13:17:41.631321,Bluetooth,55:25:0e:31:e0:1e,-47,12,1588871861.631321,39
2020-05-07 13:17:41.910092,Bluetooth,55:25:0e:31:e0:1e,-52,12,1588871861.910092,37
2020-05-07 13:17:41.914490,Bluetooth,55:25:0e:31:e0:1e,-48,12,1588871861.91449,38
2020-05-07 13:17:41.918119,Bluetooth,55:25:0e:31:e0:1e,-47,12,1588871861.918119,39
2020-05-07 13:17:42.149844,Bluetooth,e5:77:66:f9:58:66,-52,12,1588871862.149844,37
2020-05-07 13:17:42.157752,Bluetooth,e5:77:66:f9:58:66,-48,12,1588871862.157752,38
2020-05-07 13:17:42.159887,Bluetooth,e5:77:66:f9:58:66,-45,12,1588871862.159887,39
2020-05-07 13:17:42.183016,Bluetooth,55:25:0e:31:e0:1e,-52,12,1588871862.183016,37
2020-05-07 13:17:42.187239,Bluetooth,55:25:0e:31:e0:1e,-48,12,1588871862.187239,38
2020-05-07 13:17:42.190850,Bluetooth,55:25:0e:31:e0:1e,-48,12,1588871862.19085,39
2020-05-07 13:17:42.455118,Bluetooth,55:25:0e:31:e0:1e,-52,12,1588871862.455118,37
2020-05-07 13:17:42.459461,Bluetooth,55:25:0e:31:e0:1e,-48,12,1588871862.459461,38
2020-05-07 13:17:42.463078,Bluetooth,55:25:0e:31:e0:1e,-46,12,1588871862.463078,39
2020-05-07 13:17:42.727143,Bluetooth,55:25:0e:31:e0:1e,-52,12,1588871862.727143,37
2020-05-07 13:17:42.729173,Bluetooth,55:25:0e:31:e0:1e,-49,12,1588871862.729173,38
2020-05-07 13:17:42.730704,Bluetooth,55:25:0e:31:e0:1e,-48,12,1588871862.730704,39
2020-05-07 13:17:43.006100,Bluetooth,55:25:0e:31:e0:1e,-52,12,1588871863.0061,37
2020-05-07 13:17:43.008088,Bluetooth,55:25:0e:31:e0:1e,-49,12,1588871863.008088,38
2020-05-07 13:17:43.009830,Bluetooth,55:25:0e:31:e0:1e,-48,12,1588871863.00983,39
2020-05-07 13:17:43.830135,Bluetooth,55:25:0e:31:e0:1e,-52,12,1588871863.830135,37
2020-05-07 13:17:43.834385,Bluetooth,55:25:0e:31:e0:1e,-49,12,1588871863.834385,38
2020-05-07 13:17:43.837954,Bluetooth,55:25:0e:31:e0:1e,-49,12,1588871863.837954,39
2020-05-07 13:17:44.104510,Bluetooth,55:25:0e:31:e0:1e,-52,12,1588871864.10451,37
2020-05-07 13:17:44.108985,Bluetooth,55:25:0e:31:e0:1e,-49,12,1588871864.108985,38
2020-05-07 13:17:44.112750,Bluetooth,55:25:0e:31:e0:1e,-46,12,1588871864.11275,39
2020-05-07 13:17:44.377538,Bluetooth,55:25:0e:31:e0:1e,-52,12,1588871864.377538,37
2020-05-07 13:17:44.380178,Bluetooth,55:25:0e:31:e0:1e,-48,12,1588871864.380178,38
2020-05-07 13:17:44.381705,Bluetooth,55:25:0e:31:e0:1e,-48,12,1588871864.381705,39
2020-05-07 13:17:44.646200,Bluetooth,55:25:0e:31:e0:1e,-52,12,1588871864.6462,37
2020-05-07 13:17:44.648037,Bluetooth,55:25:0e:31:e0:1e,-48,12,1588871864.648037,38
2020-05-07 13:17:44.649586,Bluetooth,55:25:0e:31:e0:1e,-48,12,1588871864.649586,39
2020-05-07 13:17:44.926627,Bluetooth,55:25:0e:31:e0:1e,-52,12,1588871864.926627,37
2020-05-07 13:17:44.931283,Bluetooth,55:25:0e:31:e0:1e,-49,12,1588871864.931283,38
2020-05-07 13:17:44.935191,Bluetooth,55:25:0e:31:e0:1e,-51,12,1588871864.935191,39
2020-05-07 13:17:45.205206,Bluetooth,55:25:0e:31:e0:1e,-52,12,1588871865.205206,37
2020-05-07 13:17:45.209512,Bluetooth,55:25:0e:31:e0:1e,-48,12,1588871865.209512,38
2020-05-07 13:17:45.213104,Bluetooth,55:25:0e:31:e0:1e,-49,12,1588871865.213104,39
2020-05-07 13:17:45.475614,Bluetooth,55:25:0e:31:e0:1e,-52,12,1588871865.475614,37
2020-05-07 13:17:45.480097,Bluetooth,55:25:0e:31:e0:1e,-48,12,1588871865.480097,38
2020-05-07 13:17:45.481907,Bluetooth,55:25:0e:31:e0:1e,-52,12,1588871865.481907,39
2020-05-07 13:17:45.747267,Bluetooth,55:25:0e:31:e0:1e,-52,12,1588871865.747267,37
2020-05-07 13:17:45.752519,Bluetooth,55:25:0e:31:e0:1e,-48,12,1588871865.752519,38
2020-05-07 13:17:45.756066,Bluetooth,55:25:0e:31:e0:1e,-47,12,1588871865.756066,39
2020-05-07 13:17:46.018454,Bluetooth,55:25:0e:31:e0:1e,-50,12,1588871866.018454,37
2020-05-07 13:17:46.021193,Bluetooth,55:25:0e:31:e0:1e,-48,12,1588871866.021193,38
2020-05-07 13:17:46.022687,Bluetooth,55:25:0e:31:e0:1e,-48,12,1588871866.022687,39
2020-05-07 13:17:46.160743,Bluetooth,e5:77:66:f9:58:66,-56,12,1588871866.160743,37
2020-05-07 13:17:46.163267,Bluetooth,e5:77:66:f9:58:66,-48,12,1588871866.163267,38
2020-05-07 13:17:46.166410,Bluetooth,e5:77:66:f9:58:66,-45,12,1588871866.16641,39
2020-05-07 13:17:46.833292,Bluetooth,55:25:0e:31:e0:1e,-52,12,1588871866.833292,37
2020-05-07 13:17:46.837742,Bluetooth,55:25:0e:31:e0:1e,-48,12,1588871866.837742,38
2020-05-07 13:17:46.841401,Bluetooth,55:25:0e:31:e0:1e,-48,12,1588871866.841401,39
2020-05-07 13:17:47.110179,Bluetooth,55:25:0e:31:e0:1e,-52,12,1588871867.110179,37
2020-05-07 13:17:47.114525,Bluetooth,55:25:0e:31:e0:1e,-51,12,1588871867.114525,38
2020-05-07 13:17:47.118148,Bluetooth,55:25:0e:31:e0:1e,-46,12,1588871867.118148,39
2020-05-07 13:17:47.383214,Bluetooth,55:25:0e:31:e0:1e,-52,12,1588871867.383214,37
2020-05-07 13:17:47.385278,Bluetooth,55:25:0e:31:e0:1e,-48,12,1588871867.385278,38
2020-05-07 13:17:47.386773,Bluetooth,55:25:0e:31:e0:1e,-51,12,1588871867.386773,39
2020-05-07 13:17:47.657155,Bluetooth,55:25:0e:31:e0:1e,-52,12,1588871867.657155,37
2020-05-07 13:17:47.661499,Bluetooth,55:25:0e:31:e0:1e,-48,12,1588871867.661499,38
2020-05-07 13:17:47.665176,Bluetooth,55:25:0e:31:e0:1e,-47,12,1588871867.665176,39
2020-05-07 13:17:47.932078,Bluetooth,55:25:0e:31:e0:1e,-52,12,1588871867.932078,37
2020-05-07 13:17:47.933913,Bluetooth,55:25:0e:31:e0:1e,-48,12,1588871867.933913,38
2020-05-07 13:17:47.935387,Bluetooth,55:25:0e:31:e0:1e,-46,12,1588871867.935387,39
2020-05-07 13:17:48.172315,Bluetooth,e5:77:66:f9:58:66,-52,12,1588871868.172315,37
2020-05-07 13:17:48.177488,Bluetooth,e5:77:66:f9:58:66,-48,12,1588871868.177488,38
2020-05-07 13:17:48.180036,Bluetooth,e5:77:66:f9:58:66,-49,12,1588871868.180036,39
2020-05-07 13:17:48.212109,Bluetooth,55:25:0e:31:e0:1e,-52,12,1588871868.212109,37
2020-05-07 13:17:48.216512,Bluetooth,55:25:0e:31:e0:1e,-48,12,1588871868.216512,38
2020-05-07 13:17:48.218115,Bluetooth,55:25:0e:31:e0:1e,-48,12,1588871868.218115,39
2020-05-07 13:17:48.490077,Bluetooth,55:25:0e:31:e0:1e,-52,12,1588871868.490077,37
2020-05-07 13:17:48.493166,Bluetooth,55:25:0e:31:e0:1e,-51,12,1588871868.493166,38
2020-05-07 13:17:48.496816,Bluetooth,55:25:0e:31:e0:1e,-47,12,1588871868.496816,39
2020-05-07 13:17:48.767393,Bluetooth,55:25:0e:31:e0:1e,-52,12,1588871868.767393,37
2020-05-07 13:17:48.771631,Bluetooth,55:25:0e:31:e0:1e,-48,12,1588871868.771631,38
2020-05-07 13:17:48.773776,Bluetooth,55:25:0e:31:e0:1e,-44,12,1588871868.773776,39
2020-05-07 13:17:49.038463,Bluetooth,55:25:0e:31:e0:1e,-52,12,1588871869.038463,37
2020-05-07 13:17:49.040533,Bluetooth,55:25:0e:31:e0:1e,-48,12,1588871869.040533,38
2020-05-07 13:17:49.042029,Bluetooth,55:25:0e:31:e0:1e,-44,12,1588871869.042029,39
2020-05-07 13:17:49.319234,Bluetooth,55:25:0e:31:e0:1e,-52,12,1588871869.319234,37
2020-05-07 13:17:49.323904,Bluetooth,55:25:0e:31:e0:1e,-48,12,1588871869.323904,38
2020-05-07 13:17:49.327670,Bluetooth,55:25:0e:31:e0:1e,-46,12,1588871869.32767,39
2020-05-07 13:17:49.591308,Bluetooth,55:25:0e:31:e0:1e,-52,12,1588871869.591308,37
2020-05-07 13:17:49.593335,Bluetooth,55:25:0e:31:e0:1e,-48,12,1588871869.593335,38
2020-05-07 13:17:49.594846,Bluetooth,55:25:0e:31:e0:1e,-47,12,1588871869.594846,39
2020-05-07 13:17:50.423500,Bluetooth,55:25:0e:31:e0:1e,-52,12,1588871870.4235,37
2020-05-07 13:17:50.427880,Bluetooth,55:25:0e:31:e0:1e,-48,12,1588871870.42788,38
2020-05-07 13:17:50.431915,Bluetooth,55:25:0e:31:e0:1e,-48,12,1588871870.431915,39
2020-05-07 13:17:50.701305,Bluetooth,55:25:0e:31:e0:1e,-52,12,1588871870.701305,37
2020-05-07 13:17:50.703303,Bluetooth,55:25:0e:31:e0:1e,-51,12,1588871870.703303,38
2020-05-07 13:17:50.705067,Bluetooth,55:25:0e:31:e0:1e,-48,12,1588871870.705067,39
2020-05-07 13:17:50.978250,Bluetooth,55:25:0e:31:e0:1e,-52,12,1588871870.97825,37
2020-05-07 13:17:50.982513,Bluetooth,55:25:0e:31:e0:1e,-49,12,1588871870.982513,38
2020-05-07 13:17:50.986086,Bluetooth,55:25:0e:31:e0:1e,-51,12,1588871870.986086,39
2020-05-07 13:17:51.248481,Bluetooth,55:25:0e:31:e0:1e,-49,12,1588871871.248481,37
2020-05-07 13:17:51.250865,Bluetooth,55:25:0e:31:e0:1e,-49,12,1588871871.250865,38
2020-05-07 13:17:51.252481,Bluetooth,55:25:0e:31:e0:1e,-46,12,1588871871.252481,39
2020-05-07 13:17:51.523359,Bluetooth,55:25:0e:31:e0:1e,-49,12,1588871871.523359,37
2020-05-07 13:17:51.527968,Bluetooth,55:25:0e:31:e0:1e,-49,12,1588871871.527968,38
2020-05-07 13:17:51.531778,Bluetooth,55:25:0e:31:e0:1e,-49,12,1588871871.531778,39
2020-05-07 13:17:51.797504,Bluetooth,55:25:0e:31:e0:1e,-52,12,1588871871.797504,37
2020-05-07 13:17:51.799446,Bluetooth,55:25:0e:31:e0:1e,-48,12,1588871871.799446,38
2020-05-07 13:17:51.801028,Bluetooth,55:25:0e:31:e0:1e,-51,12,1588871871.801028,39
2020-05-07 13:17:52.070253,Bluetooth,55:25:0e:31:e0:1e,-52,12,1588871872.070253,37
2020-05-07 13:17:52.074570,Bluetooth,55:25:0e:31:e0:1e,-49,12,1588871872.07457,38
2020-05-07 13:17:52.078175,Bluetooth,55:25:0e:31:e0:1e,-49,12,1588871872.078175,39
2020-05-07 13:17:52.180489,Bluetooth,e5:77:66:f9:58:66,-53,12,1588871872.180489,37
2020-05-07 13:17:52.185575,Bluetooth,e5:77:66:f9:58:66,-48,12,1588871872.185575,38
2020-05-07 13:17:52.188070,Bluetooth,e5:77:66:f9:58:66,-46,12,1588871872.18807,39
2020-05-07 13:17:52.347497,Bluetooth,55:25:0e:31:e0:1e,-52,12,1588871872.347497,37
2020-05-07 13:17:52.352229,Bluetooth,55:25:0e:31:e0:1e,-48,12,1588871872.352229,38
2020-05-07 13:17:52.356482,Bluetooth,55:25:0e:31:e0:1e,-47,12,1588871872.356482,39
2020-05-07 13:17:52.617412,Bluetooth,55:25:0e:31:e0:1e,-52,12,1588871872.617412,37
2020-05-07 13:17:52.619227,Bluetooth,55:25:0e:31:e0:1e,-48,12,1588871872.619227,38
2020-05-07 13:17:52.620986,Bluetooth,55:25:0e:31:e0:1e,-48,12,1588871872.620986,39
2020-05-07 13:17:52.891390,Bluetooth,55:25:0e:31:e0:1e,-52,12,1588871872.89139,37
2020-05-07 13:17:52.895869,Bluetooth,55:25:0e:31:e0:1e,-48,12,1588871872.895869,38
2020-05-07 13:17:52.899537,Bluetooth,55:25:0e:31:e0:1e,-48,12,1588871872.899537,39
2020-05-07 13:17:53.720797,Bluetooth,55:25:0e:31:e0:1e,-52,12,1588871873.720797,37
2020-05-07 13:17:53.726115,Bluetooth,55:25:0e:31:e0:1e,-48,12,1588871873.726115,38
2020-05-07 13:17:53.729467,Bluetooth,55:25:0e:31:e0:1e,-48,12,1588871873.729467,39
2020-05-07 13:17:53.993013,Bluetooth,55:25:0e:31:e0:1e,-52,12,1588871873.993013,37
2020-05-07 13:17:53.994874,Bluetooth,55:25:0e:31:e0:1e,-48,12,1588871873.994874,38
2020-05-07 13:17:53.996447,Bluetooth,55:25:0e:31:e0:1e,-48,12,1588871873.996447,39
2020-05-07 13:17:54.179897,Bluetooth,e5:77:66:f9:58:66,-53,12,1588871874.179897,37
2020-05-07 13:17:54.182368,Bluetooth,e5:77:66:f9:58:66,-48,12,1588871874.182368,38
2020-05-07 13:17:54.184392,Bluetooth,e5:77:66:f9:58:66,-46,12,1588871874.184392,39
2020-05-07 13:17:54.274909,Bluetooth,55:25:0e:31:e0:1e,-52,12,1588871874.274909,37
2020-05-07 13:17:54.279561,Bluetooth,55:25:0e:31:e0:1e,-48,12,1588871874.279561,38
2020-05-07 13:17:54.283281,Bluetooth,55:25:0e:31:e0:1e,-44,12,1588871874.283281,39
2020-05-07 13:17:54.552480,Bluetooth,55:25:0e:31:e0:1e,-52,12,1588871874.55248,37
2020-05-07 13:17:54.554711,Bluetooth,55:25:0e:31:e0:1e,-49,12,1588871874.554711,38
2020-05-07 13:17:54.556510,Bluetooth,55:25:0e:31:e0:1e,-46,12,1588871874.55651,39
2020-05-07 13:17:54.831931,Bluetooth,55:25:0e:31:e0:1e,-52,12,1588871874.831931,37
2020-05-07 13:17:54.836124,Bluetooth,55:25:0e:31:e0:1e,-49,12,1588871874.836124,38
2020-05-07 13:17:54.837836,Bluetooth,55:25:0e:31:e0:1e,-49,12,1588871874.837836,39
2020-05-07 13:17:55.107279,Bluetooth,55:25:0e:31:e0:1e,-52,12,1588871875.107279,37
2020-05-07 13:17:55.109396,Bluetooth,55:25:0e:31:e0:1e,-48,12,1588871875.109396,38
2020-05-07 13:17:55.111075,Bluetooth,55:25:0e:31:e0:1e,-47,12,1588871875.111075,39
2020-05-07 13:17:55.380496,Bluetooth,55:25:0e:31:e0:1e,-52,12,1588871875.380496,37
2020-05-07 13:17:55.384765,Bluetooth,55:25:0e:31:e0:1e,-48,12,1588871875.384765,38
2020-05-07 13:17:55.388421,Bluetooth,55:25:0e:31:e0:1e,-46,12,1588871875.388421,39
2020-05-07 13:17:55.653815,Bluetooth,55:25:0e:31:e0:1e,-52,12,1588871875.653815,37
2020-05-07 13:17:55.655817,Bluetooth,55:25:0e:31:e0:1e,-49,12,1588871875.655817,38
2020-05-07 13:17:55.657427,Bluetooth,55:25:0e:31:e0:1e,-49,12,1588871875.657427,39
2020-05-07 13:17:55.926679,Bluetooth,55:25:0e:31:e0:1e,-52,12,1588871875.926679,37
2020-05-07 13:17:55.930998,Bluetooth,55:25:0e:31:e0:1e,-49,12,1588871875.930998,38
2020-05-07 13:17:55.934632,Bluetooth,55:25:0e:31:e0:1e,-49,12,1588871875.934632,39
2020-05-07 13:17:56.201394,Bluetooth,55:25:0e:31:e0:1e,-52,12,1588871876.201394,37
2020-05-07 13:17:56.203185,Bluetooth,55:25:0e:31:e0:1e,-49,12,1588871876.203185,38
2020-05-07 13:17:56.204657,Bluetooth,55:25:0e:31:e0:1e,-47,12,1588871876.204657,39
2020-05-07 13:17:57.024449,Bluetooth,55:25:0e:31:e0:1e,-52,12,1588871877.024449,37
2020-05-07 13:17:57.028790,Bluetooth,55:25:0e:31:e0:1e,-48,12,1588871877.02879,38
2020-05-07 13:17:57.032527,Bluetooth,55:25:0e:31:e0:1e,-48,12,1588871877.032527,39
2020-05-07 13:17:57.302234,Bluetooth,55:25:0e:31:e0:1e,-52,12,1588871877.302234,37
2020-05-07 13:17:57.304020,Bluetooth,55:25:0e:31:e0:1e,-48,12,1588871877.30402,38
2020-05-07 13:17:57.305563,Bluetooth,55:25:0e:31:e0:1e,-47,12,1588871877.305563,39
2020-05-07 13:17:57.580357,Bluetooth,55:25:0e:31:e0:1e,-52,12,1588871877.580357,37
2020-05-07 13:17:57.584727,Bluetooth,55:25:0e:31:e0:1e,-48,12,1588871877.584727,38
2020-05-07 13:17:57.586455,Bluetooth,55:25:0e:31:e0:1e,-49,12,1588871877.586455,39
2020-05-07 13:17:57.851308,Bluetooth,55:25:0e:31:e0:1e,-52,12,1588871877.851308,37
2020-05-07 13:17:57.853154,Bluetooth,55:25:0e:31:e0:1e,-48,12,1588871877.853154,38
2020-05-07 13:17:57.854618,Bluetooth,55:25:0e:31:e0:1e,-48,12,1588871877.854618,39
2020-05-07 13:17:58.123415,Bluetooth,55:25:0e:31:e0:1e,-52,12,1588871878.123415,37
2020-05-07 13:17:58.127660,Bluetooth,55:25:0e:31:e0:1e,-48,12,1588871878.12766,38
2020-05-07 13:17:58.131255,Bluetooth,55:25:0e:31:e0:1e,-48,12,1588871878.131255,39
2020-05-07 13:17:58.190599,Bluetooth,e5:77:66:f9:58:66,-53,12,1588871878.190599,37
2020-05-07 13:17:58.196109,Bluetooth,e5:77:66:f9:58:66,-48,12,1588871878.196109,38
2020-05-07 13:17:58.198696,Bluetooth,e5:77:66:f9:58:66,-49,12,1588871878.198696,39
2020-05-07 13:17:58.399470,Bluetooth,55:25:0e:31:e0:1e,-52,12,1588871878.39947,37
2020-05-07 13:17:58.404368,Bluetooth,55:25:0e:31:e0:1e,-48,12,1588871878.404368,38
2020-05-07 13:17:58.408646,Bluetooth,55:25:0e:31:e0:1e,-48,12,1588871878.408646,39
2020-05-07 13:17:58.677462,Bluetooth,55:25:0e:31:e0:1e,-52,12,1588871878.677462,37
2020-05-07 13:17:58.679512,Bluetooth,55:25:0e:31:e0:1e,-48,12,1588871878.679512,38
2020-05-07 13:17:58.681303,Bluetooth,55:25:0e:31:e0:1e,-47,12,1588871878.681303,39
2020-05-07 13:17:58.954493,Bluetooth,55:25:0e:31:e0:1e,-52,12,1588871878.954493,37
2020-05-07 13:17:58.956565,Bluetooth,55:25:0e:31:e0:1e,-48,12,1588871878.956565,38
2020-05-07 13:17:58.958296,Bluetooth,55:25:0e:31:e0:1e,-46,12,1588871878.958296,39
2020-05-07 13:17:59.229392,Bluetooth,55:25:0e:31:e0:1e,-52,12,1588871879.229392,37
2020-05-07 13:17:59.233977,Bluetooth,55:25:0e:31:e0:1e,-48,12,1588871879.233977,38
2020-05-07 13:17:59.237453,Bluetooth,55:25:0e:31:e0:1e,-48,12,1588871879.237453,39
2020-05-07 13:17:59.503278,Bluetooth,55:25:0e:31:e0:1e,-52,12,1588871879.503278,37
2020-05-07 13:17:59.505138,Bluetooth,55:25:0e:31:e0:1e,-48,12,1588871879.505138,38
2020-05-07 13:17:59.506608,Bluetooth,55:25:0e:31:e0:1e,-49,12,1588871879.506608,39
2020-05-07 13:18:00.193792,Bluetooth,e5:77:66:f9:58:66,-53,12,1588871880.193792,37
2020-05-07 13:18:00.196124,Bluetooth,e5:77:66:f9:58:66,-48,12,1588871880.196124,38
2020-05-07 13:18:00.198180,Bluetooth,e5:77:66:f9:58:66,-45,12,1588871880.19818,39
2020-05-07 13:18:00.331639,Bluetooth,55:25:0e:31:e0:1e,-52,12,1588871880.331639,37
2020-05-07 13:18:00.335652,Bluetooth,55:25:0e:31:e0:1e,-49,12,1588871880.335652,38
2020-05-07 13:18:00.337785,Bluetooth,55:25:0e:31:e0:1e,-48,12,1588871880.337785,39
2020-05-07 13:18:00.602102,Bluetooth,55:25:0e:31:e0:1e,-49,12,1588871880.602102,37
2020-05-07 13:18:00.603991,Bluetooth,55:25:0e:31:e0:1e,-49,12,1588871880.603991,38
2020-05-07 13:18:00.605761,Bluetooth,55:25:0e:31:e0:1e,-46,12,1588871880.605761,39
2020-05-07 13:18:00.873645,Bluetooth,55:25:0e:31:e0:1e,-52,12,1588871880.873645,37
2020-05-07 13:18:00.878401,Bluetooth,55:25:0e:31:e0:1e,-48,12,1588871880.878401,38
2020-05-07 13:18:00.881661,Bluetooth,55:25:0e:31:e0:1e,-49,12,1588871880.881661,39
2020-05-07 13:18:01.149679,Bluetooth,55:25:0e:31:e0:1e,-52,12,1588871881.149679,37
2020-05-07 13:18:01.152370,Bluetooth,55:25:0e:31:e0:1e,-48,12,1588871881.15237,38
2020-05-07 13:18:01.154046,Bluetooth,55:25:0e:31:e0:1e,-49,12,1588871881.154046,39
2020-05-07 13:18:01.431657,Bluetooth,55:25:0e:31:e0:1e,-52,12,1588871881.431657,37
2020-05-07 13:18:01.436005,Bluetooth,55:25:0e:31:e0:1e,-48,12,1588871881.436005,38
2020-05-07 13:18:01.439781,Bluetooth,55:25:0e:31:e0:1e,-46,12,1588871881.439781,39
2020-05-07 13:18:01.708579,Bluetooth,55:25:0e:31:e0:1e,-53,12,1588871881.708579,37
2020-05-07 13:18:01.710568,Bluetooth,55:25:0e:31:e0:1e,-48,12,1588871881.710568,38
2020-05-07 13:18:01.712071,Bluetooth,55:25:0e:31:e0:1e,-44,12,1588871881.712071,39
2020-05-07 13:18:01.986922,Bluetooth,55:25:0e:31:e0:1e,-52,12,1588871881.986922,37
2020-05-07 13:18:01.991363,Bluetooth,55:25:0e:31:e0:1e,-48,12,1588871881.991363,38
2020-05-07 13:18:01.995234,Bluetooth,55:25:0e:31:e0:1e,-48,12,1588871881.995234,39
2020-05-07 13:18:02.199479,Bluetooth,e5:77:66:f9:58:66,-52,12,1588871882.199479,37
2020-05-07 13:18:02.205038,Bluetooth,e5:77:66:f9:58:66,-48,12,1588871882.205038,38
2020-05-07 13:18:02.207276,Bluetooth,e5:77:66:f9:58:66,-46,12,1588871882.207276,39
2020-05-07 13:18:02.264676,Bluetooth,55:25:0e:31:e0:1e,-52,12,1588871882.264676,37
2020-05-07 13:18:02.268977,Bluetooth,55:25:0e:31:e0:1e,-48,12,1588871882.268977,38
2020-05-07 13:18:02.272265,Bluetooth,55:25:0e:31:e0:1e,-48,12,1588871882.272265,39
2020-05-07 13:18:02.536639,Bluetooth,55:25:0e:31:e0:1e,-52,12,1588871882.536639,37
2020-05-07 13:18:02.541128,Bluetooth,55:25:0e:31:e0:1e,-49,12,1588871882.541128,38
2020-05-07 13:18:02.544932,Bluetooth,55:25:0e:31:e0:1e,-51,12,1588871882.544932,39
2020-05-07 13:18:02.807454,Bluetooth,55:25:0e:31:e0:1e,-52,12,1588871882.807454,37
2020-05-07 13:18:02.810132,Bluetooth,55:25:0e:31:e0:1e,-49,12,1588871882.810132,38
2020-05-07 13:18:02.811678,Bluetooth,55:25:0e:31:e0:1e,-46,12,1588871882.811678,39
2020-05-07 13:18:03.629810,Bluetooth,55:25:0e:31:e0:1e,-52,12,1588871883.62981,37
2020-05-07 13:18:03.634628,Bluetooth,55:25:0e:31:e0:1e,-48,12,1588871883.634628,38
2020-05-07 13:18:03.638492,Bluetooth,55:25:0e:31:e0:1e,-48,12,1588871883.638492,39
2020-05-07 13:18:03.901558,Bluetooth,55:25:0e:31:e0:1e,-52,12,1588871883.901558,37
2020-05-07 13:18:03.903626,Bluetooth,55:25:0e:31:e0:1e,-48,12,1588871883.903626,38
2020-05-07 13:18:03.905365,Bluetooth,55:25:0e:31:e0:1e,-47,12,1588871883.905365,39
2020-05-07 13:18:04.181704,Bluetooth,55:25:0e:31:e0:1e,-52,12,1588871884.181704,37
2020-05-07 13:18:04.186165,Bluetooth,55:25:0e:31:e0:1e,-48,12,1588871884.186165,38
2020-05-07 13:18:04.189910,Bluetooth,55:25:0e:31:e0:1e,-47,12,1588871884.18991,39
2020-05-07 13:18:04.203171,Bluetooth,e5:77:66:f9:58:66,-53,12,1588871884.203171,37
2020-05-07 13:18:04.208541,Bluetooth,e5:77:66:f9:58:66,-48,12,1588871884.208541,38
2020-05-07 13:18:04.210821,Bluetooth,e5:77:66:f9:58:66,-45,12,1588871884.210821,39
2020-05-07 13:18:04.453654,Bluetooth,55:25:0e:31:e0:1e,-50,12,1588871884.453654,37
2020-05-07 13:18:04.458531,Bluetooth,55:25:0e:31:e0:1e,-49,12,1588871884.458531,38
2020-05-07 13:18:04.462038,Bluetooth,55:25:0e:31:e0:1e,-48,12,1588871884.462038,39
2020-05-07 13:18:04.724859,Bluetooth,55:25:0e:31:e0:1e,-52,12,1588871884.724859,37
2020-05-07 13:18:04.729238,Bluetooth,55:25:0e:31:e0:1e,-48,12,1588871884.729238,38
2020-05-07 13:18:04.733025,Bluetooth,55:25:0e:31:e0:1e,-49,12,1588871884.733025,39
2020-05-07 13:18:05.002526,Bluetooth,55:25:0e:31:e0:1e,-52,12,1588871885.002526,37
2020-05-07 13:18:05.004379,Bluetooth,55:25:0e:31:e0:1e,-48,12,1588871885.004379,38
2020-05-07 13:18:05.005899,Bluetooth,55:25:0e:31:e0:1e,-47,12,1588871885.005899,39
2020-05-07 13:18:05.276716,Bluetooth,55:25:0e:31:e0:1e,-52,12,1588871885.276716,37
2020-05-07 13:18:05.281231,Bluetooth,55:25:0e:31:e0:1e,-49,12,1588871885.281231,38
2020-05-07 13:18:05.285046,Bluetooth,55:25:0e:31:e0:1e,-44,12,1588871885.285046,39
2020-05-07 13:18:05.551565,Bluetooth,55:25:0e:31:e0:1e,-52,12,1588871885.551565,37
2020-05-07 13:18:05.553843,Bluetooth,55:25:0e:31:e0:1e,-48,12,1588871885.553843,38
2020-05-07 13:18:05.555523,Bluetooth,55:25:0e:31:e0:1e,-48,12,1588871885.555523,39
2020-05-07 13:18:05.833615,Bluetooth,55:25:0e:31:e0:1e,-52,12,1588871885.833615,37
2020-05-07 13:18:05.838154,Bluetooth,55:25:0e:31:e0:1e,-48,12,1588871885.838154,38
2020-05-07 13:18:05.841435,Bluetooth,55:25:0e:31:e0:1e,-44,12,1588871885.841435,39
2020-05-07 13:18:06.104314,Bluetooth,55:25:0e:31:e0:1e,-52,12,1588871886.104314,37
2020-05-07 13:18:06.106394,Bluetooth,55:25:0e:31:e0:1e,-48,12,1588871886.106394,38
2020-05-07 13:18:06.107937,Bluetooth,55:25:0e:31:e0:1e,-46,12,1588871886.107937,39
2020-05-07 13:18:06.201123,Bluetooth,e5:77:66:f9:58:66,-52,12,1588871886.201123,37
2020-05-07 13:18:06.203628,Bluetooth,e5:77:66:f9:58:66,-48,12,1588871886.203628,38
2020-05-07 13:18:06.205701,Bluetooth,e5:77:66:f9:58:66,-45,12,1588871886.205701,39
2020-05-07 13:18:06.924615,Bluetooth,55:25:0e:31:e0:1e,-52,12,1588871886.924615,37
2020-05-07 13:18:06.929247,Bluetooth,55:25:0e:31:e0:1e,-48,12,1588871886.929247,38
2020-05-07 13:18:06.930884,Bluetooth,55:25:0e:31:e0:1e,-47,12,1588871886.930884,39
2020-05-07 13:18:07.196596,Bluetooth,55:25:0e:31:e0:1e,-52,12,1588871887.196596,37
2020-05-07 13:18:07.200801,Bluetooth,55:25:0e:31:e0:1e,-49,12,1588871887.200801,38
2020-05-07 13:18:07.204518,Bluetooth,55:25:0e:31:e0:1e,-46,12,1588871887.204518,39
2020-05-07 13:18:07.470207,Bluetooth,55:25:0e:31:e0:1e,-52,12,1588871887.470207,37
2020-05-07 13:18:07.472215,Bluetooth,55:25:0e:31:e0:1e,-48,12,1588871887.472215,38
2020-05-07 13:18:07.473783,Bluetooth,55:25:0e:31:e0:1e,-47,12,1588871887.473783,39
2020-05-07 13:18:07.742163,Bluetooth,55:25:0e:31:e0:1e,-52,12,1588871887.742163,37
2020-05-07 13:18:07.746631,Bluetooth,55:25:0e:31:e0:1e,-48,12,1588871887.746631,38
2020-05-07 13:18:07.749691,Bluetooth,55:25:0e:31:e0:1e,-47,12,1588871887.749691,39
2020-05-07 13:18:08.019605,Bluetooth,55:25:0e:31:e0:1e,-52,12,1588871888.019605,37
2020-05-07 13:18:08.021474,Bluetooth,55:25:0e:31:e0:1e,-48,12,1588871888.021474,38
2020-05-07 13:18:08.022965,Bluetooth,55:25:0e:31:e0:1e,-48,12,1588871888.022965,39
2020-05-07 13:18:08.208865,Bluetooth,e5:77:66:f9:58:66,-53,12,1588871888.208865,37
2020-05-07 13:18:08.211156,Bluetooth,e5:77:66:f9:58:66,-48,12,1588871888.211156,38
2020-05-07 13:18:08.213098,Bluetooth,e5:77:66:f9:58:66,-46,12,1588871888.213098,39
2020-05-07 13:18:08.292018,Bluetooth,55:25:0e:31:e0:1e,-52,12,1588871888.292018,37
2020-05-07 13:18:08.294115,Bluetooth,55:25:0e:31:e0:1e,-48,12,1588871888.294115,38
2020-05-07 13:18:08.295801,Bluetooth,55:25:0e:31:e0:1e,-48,12,1588871888.295801,39
2020-05-07 13:18:08.571655,Bluetooth,55:25:0e:31:e0:1e,-52,12,1588871888.571655,37
2020-05-07 13:18:08.575920,Bluetooth,55:25:0e:31:e0:1e,-49,12,1588871888.57592,38
2020-05-07 13:18:08.579553,Bluetooth,55:25:0e:31:e0:1e,-48,12,1588871888.579553,39
2020-05-07 13:18:08.851628,Bluetooth,55:25:0e:31:e0:1e,-52,12,1588871888.851628,37
2020-05-07 13:18:08.855891,Bluetooth,55:25:0e:31:e0:1e,-48,12,1588871888.855891,38
2020-05-07 13:18:08.859352,Bluetooth,55:25:0e:31:e0:1e,-48,12,1588871888.859352,39
2020-05-07 13:18:09.123745,Bluetooth,55:25:0e:31:e0:1e,-52,12,1588871889.123745,37
2020-05-07 13:18:09.125665,Bluetooth,55:25:0e:31:e0:1e,-49,12,1588871889.125665,38
2020-05-07 13:18:09.127156,Bluetooth,55:25:0e:31:e0:1e,-49,12,1588871889.127156,39
2020-05-07 13:18:09.398674,Bluetooth,55:25:0e:31:e0:1e,-48,12,1588871889.398674,37
2020-05-07 13:18:09.402990,Bluetooth,55:25:0e:31:e0:1e,-51,12,1588871889.40299,38
2020-05-07 13:18:09.406712,Bluetooth,55:25:0e:31:e0:1e,-47,12,1588871889.406712,39
2020-05-07 13:18:10.221009,Bluetooth,55:25:0e:31:e0:1e,-52,12,1588871890.221009,37
2020-05-07 13:18:10.225438,Bluetooth,55:25:0e:31:e0:1e,-48,12,1588871890.225438,38
2020-05-07 13:18:10.229201,Bluetooth,55:25:0e:31:e0:1e,-44,12,1588871890.229201,39
2020-05-07 13:18:10.231251,Bluetooth,e5:77:66:f9:58:66,-53,12,1588871890.231251,37
2020-05-07 13:18:10.233386,Bluetooth,e5:77:66:f9:58:66,-48,12,1588871890.233386,38
2020-05-07 13:18:10.235363,Bluetooth,e5:77:66:f9:58:66,-46,12,1588871890.235363,39
2020-05-07 13:18:10.490860,Bluetooth,55:25:0e:31:e0:1e,-52,12,1588871890.49086,37
2020-05-07 13:18:10.495559,Bluetooth,55:25:0e:31:e0:1e,-48,12,1588871890.495559,38
2020-05-07 13:18:10.497802,Bluetooth,55:25:0e:31:e0:1e,-49,12,1588871890.497802,39
2020-05-07 13:18:10.765069,Bluetooth,55:25:0e:31:e0:1e,-52,12,1588871890.765069,37
2020-05-07 13:18:10.766813,Bluetooth,55:25:0e:31:e0:1e,-49,12,1588871890.766813,38
2020-05-07 13:18:10.768367,Bluetooth,55:25:0e:31:e0:1e,-47,12,1588871890.768367,39
2020-05-07 13:18:11.042200,Bluetooth,55:25:0e:31:e0:1e,-52,12,1588871891.0422,37
2020-05-07 13:18:11.046669,Bluetooth,55:25:0e:31:e0:1e,-48,12,1588871891.046669,38
2020-05-07 13:18:11.050348,Bluetooth,55:25:0e:31:e0:1e,-48,12,1588871891.050348,39
2020-05-07 13:18:11.312978,Bluetooth,55:25:0e:31:e0:1e,-52,12,1588871891.312978,37
2020-05-07 13:18:11.314994,Bluetooth,55:25:0e:31:e0:1e,-48,12,1588871891.314994,38
2020-05-07 13:18:11.316647,Bluetooth,55:25:0e:31:e0:1e,-46,12,1588871891.316647,39
2020-05-07 13:18:11.583580,Bluetooth,55:25:0e:31:e0:1e,-52,12,1588871891.58358,37
2020-05-07 13:18:11.585626,Bluetooth,55:25:0e:31:e0:1e,-49,12,1588871891.585626,38
2020-05-07 13:18:11.588983,Bluetooth,55:25:0e:31:e0:1e,-52,12,1588871891.588983,39
2020-05-07 13:18:11.858519,Bluetooth,55:25:0e:31:e0:1e,-52,12,1588871891.858519,37
2020-05-07 13:18:11.861875,Bluetooth,55:25:0e:31:e0:1e,-49,12,1588871891.861875,38
2020-05-07 13:18:11.865558,Bluetooth,55:25:0e:31:e0:1e,-48,12,1588871891.865558,39
2020-05-07 13:18:12.134736,Bluetooth,55:25:0e:31:e0:1e,-52,12,1588871892.134736,37
2020-05-07 13:18:12.139025,Bluetooth,55:25:0e:31:e0:1e,-49,12,1588871892.139025,38
2020-05-07 13:18:12.142659,Bluetooth,55:25:0e:31:e0:1e,-44,12,1588871892.142659,39
2020-05-07 13:18:12.226439,Bluetooth,e5:77:66:f9:58:66,-53,12,1588871892.226439,37
2020-05-07 13:18:12.231766,Bluetooth,e5:77:66:f9:58:66,-48,12,1588871892.231766,38
2020-05-07 13:18:12.234338,Bluetooth,e5:77:66:f9:58:66,-47,12,1588871892.234338,39
2020-05-07 13:18:12.412910,Bluetooth,55:25:0e:31:e0:1e,-52,12,1588871892.41291,37
2020-05-07 13:18:12.417581,Bluetooth,55:25:0e:31:e0:1e,-48,12,1588871892.417581,38
2020-05-07 13:18:12.421346,Bluetooth,55:25:0e:31:e0:1e,-47,12,1588871892.421346,39
2020-05-07 13:18:13.231686,Bluetooth,55:25:0e:31:e0:1e,-52,12,1588871893.231686,37
2020-05-07 13:18:13.235979,Bluetooth,55:25:0e:31:e0:1e,-48,12,1588871893.235979,38
2020-05-07 13:18:13.239578,Bluetooth,55:25:0e:31:e0:1e,-52,12,1588871893.239578,39
2020-05-07 13:18:13.507588,Bluetooth,55:25:0e:31:e0:1e,-52,12,1588871893.507588,37
2020-05-07 13:18:13.509488,Bluetooth,55:25:0e:31:e0:1e,-48,12,1588871893.509488,38
2020-05-07 13:18:13.510956,Bluetooth,55:25:0e:31:e0:1e,-47,12,1588871893.510956,39
2020-05-07 13:18:13.787951,Bluetooth,55:25:0e:31:e0:1e,-52,12,1588871893.787951,37
2020-05-07 13:18:13.792024,Bluetooth,55:25:0e:31:e0:1e,-52,12,1588871893.792024,38
2020-05-07 13:18:13.795596,Bluetooth,55:25:0e:31:e0:1e,-51,12,1588871893.795596,39
2020-05-07 13:18:14.060806,Bluetooth,55:25:0e:31:e0:1e,-52,12,1588871894.060806,37
2020-05-07 13:18:14.062622,Bluetooth,55:25:0e:31:e0:1e,-48,12,1588871894.062622,38
2020-05-07 13:18:14.064108,Bluetooth,55:25:0e:31:e0:1e,-49,12,1588871894.064108,39
2020-05-07 13:18:14.225236,Bluetooth,e5:77:66:f9:58:66,-52,12,1588871894.225236,37
2020-05-07 13:18:14.227917,Bluetooth,e5:77:66:f9:58:66,-48,12,1588871894.227917,38
2020-05-07 13:18:14.230044,Bluetooth,e5:77:66:f9:58:66,-47,12,1588871894.230044,39
2020-05-07 13:18:14.337875,Bluetooth,55:25:0e:31:e0:1e,-50,12,1588871894.337875,37
2020-05-07 13:18:14.339941,Bluetooth,55:25:0e:31:e0:1e,-48,12,1588871894.339941,38
2020-05-07 13:18:14.341726,Bluetooth,55:25:0e:31:e0:1e,-49,12,1588871894.341726,39
2020-05-07 13:18:14.607733,Bluetooth,55:25:0e:31:e0:1e,-52,12,1588871894.607733,37
2020-05-07 13:18:14.609631,Bluetooth,55:25:0e:31:e0:1e,-48,12,1588871894.609631,38
2020-05-07 13:18:14.611112,Bluetooth,55:25:0e:31:e0:1e,-48,12,1588871894.611112,39
2020-05-07 13:18:14.881802,Bluetooth,55:25:0e:31:e0:1e,-52,12,1588871894.881802,37
2020-05-07 13:18:14.886425,Bluetooth,55:25:0e:31:e0:1e,-48,12,1588871894.886425,38
2020-05-07 13:18:14.890053,Bluetooth,55:25:0e:31:e0:1e,-47,12,1588871894.890053,39
2020-05-07 13:18:15.159770,Bluetooth,55:25:0e:31:e0:1e,-52,12,1588871895.15977,37
2020-05-07 13:18:15.161833,Bluetooth,55:25:0e:31:e0:1e,-49,12,1588871895.161833,38
2020-05-07 13:18:15.163484,Bluetooth,55:25:0e:31:e0:1e,-49,12,1588871895.163484,39
2020-05-07 13:18:15.435703,Bluetooth,55:25:0e:31:e0:1e,-52,12,1588871895.435703,37
2020-05-07 13:18:15.439940,Bluetooth,55:25:0e:31:e0:1e,-48,12,1588871895.43994,38
2020-05-07 13:18:15.443547,Bluetooth,55:25:0e:31:e0:1e,-45,12,1588871895.443547,39
2020-05-07 13:18:15.709969,Bluetooth,55:25:0e:31:e0:1e,-52,12,1588871895.709969,37
2020-05-07 13:18:15.711943,Bluetooth,55:25:0e:31:e0:1e,-49,12,1588871895.711943,38
2020-05-07 13:18:15.713452,Bluetooth,55:25:0e:31:e0:1e,-49,12,1588871895.713452,39
2020-05-07 13:18:15.990790,Bluetooth,55:25:0e:31:e0:1e,-52,12,1588871895.99079,37
2020-05-07 13:18:15.995094,Bluetooth,55:25:0e:31:e0:1e,-48,12,1588871895.995094,38
2020-05-07 13:18:15.998749,Bluetooth,55:25:0e:31:e0:1e,-47,12,1588871895.998749,39
2020-05-07 13:18:16.229598,Bluetooth,e5:77:66:f9:58:66,-52,12,1588871896.229598,37
2020-05-07 13:18:16.234932,Bluetooth,e5:77:66:f9:58:66,-49,12,1588871896.234932,38
2020-05-07 13:18:16.237788,Bluetooth,e5:77:66:f9:58:66,-49,12,1588871896.237788,39
2020-05-07 13:18:16.264735,Bluetooth,55:25:0e:31:e0:1e,-52,12,1588871896.264735,37
2020-05-07 13:18:16.269018,Bluetooth,55:25:0e:31:e0:1e,-48,12,1588871896.269018,38
2020-05-07 13:18:16.272807,Bluetooth,55:25:0e:31:e0:1e,-48,12,1588871896.272807,39
2020-05-07 13:18:16.534930,Bluetooth,55:25:0e:31:e0:1e,-52,12,1588871896.53493,37
2020-05-07 13:18:16.539323,Bluetooth,55:25:0e:31:e0:1e,-48,12,1588871896.539323,38
2020-05-07 13:18:16.542988,Bluetooth,55:25:0e:31:e0:1e,-47,12,1588871896.542988,39
2020-05-07 13:18:16.805243,Bluetooth,55:25:0e:31:e0:1e,-52,12,1588871896.805243,37
2020-05-07 13:18:16.807271,Bluetooth,55:25:0e:31:e0:1e,-48,12,1588871896.807271,38
2020-05-07 13:18:16.808855,Bluetooth,55:25:0e:31:e0:1e,-47,12,1588871896.808855,39
2020-05-07 13:18:17.083039,Bluetooth,55:25:0e:31:e0:1e,-52,12,1588871897.083039,37
2020-05-07 13:18:17.087134,Bluetooth,55:25:0e:31:e0:1e,-48,12,1588871897.087134,38
2020-05-07 13:18:17.090740,Bluetooth,55:25:0e:31:e0:1e,-47,12,1588871897.09074,39
2020-05-07 13:18:17.359652,Bluetooth,55:25:0e:31:e0:1e,-52,12,1588871897.359652,37
2020-05-07 13:18:17.361493,Bluetooth,55:25:0e:31:e0:1e,-51,12,1588871897.361493,38
2020-05-07 13:18:17.362935,Bluetooth,55:25:0e:31:e0:1e,-48,12,1588871897.362935,39
2020-05-07 13:18:17.635800,Bluetooth,55:25:0e:31:e0:1e,-52,12,1588871897.6358,37
2020-05-07 13:18:17.640000,Bluetooth,55:25:0e:31:e0:1e,-49,12,1588871897.64,38
2020-05-07 13:18:17.643598,Bluetooth,55:25:0e:31:e0:1e,-44,12,1588871897.643598,39
2020-05-07 13:18:17.907921,Bluetooth,55:25:0e:31:e0:1e,-52,12,1588871897.907921,37
2020-05-07 13:18:17.909939,Bluetooth,55:25:0e:31:e0:1e,-48,12,1588871897.909939,38
2020-05-07 13:18:17.911412,Bluetooth,55:25:0e:31:e0:1e,-48,12,1588871897.911412,39
2020-05-07 13:18:18.181808,Bluetooth,55:25:0e:31:e0:1e,-54,12,1588871898.181808,37
2020-05-07 13:18:18.186045,Bluetooth,55:25:0e:31:e0:1e,-49,12,1588871898.186045,38
2020-05-07 13:18:18.189405,Bluetooth,55:25:0e:31:e0:1e,-48,12,1588871898.189405,39
2020-05-07 13:18:18.232429,Bluetooth,e5:77:66:f9:58:66,-53,12,1588871898.232429,37
2020-05-07 13:18:18.237338,Bluetooth,e5:77:66:f9:58:66,-48,12,1588871898.237338,38
2020-05-07 13:18:18.241418,Bluetooth,e5:77:66:f9:58:66,-45,12,1588871898.241418,39
2020-05-07 13:18:18.457760,Bluetooth,55:25:0e:31:e0:1e,-52,12,1588871898.45776,37
2020-05-07 13:18:18.462458,Bluetooth,55:25:0e:31:e0:1e,-49,12,1588871898.462458,38
2020-05-07 13:18:18.465768,Bluetooth,55:25:0e:31:e0:1e,-47,12,1588871898.465768,39
2020-05-07 13:18:18.725943,Bluetooth,55:25:0e:31:e0:1e,-52,12,1588871898.725943,37
2020-05-07 13:18:18.727973,Bluetooth,55:25:0e:31:e0:1e,-49,12,1588871898.727973,38
2020-05-07 13:18:18.729826,Bluetooth,55:25:0e:31:e0:1e,-47,12,1588871898.729826,39
2020-05-07 13:18:19.007089,Bluetooth,55:25:0e:31:e0:1e,-53,12,1588871899.007089,37
2020-05-07 13:18:19.011125,Bluetooth,55:25:0e:31:e0:1e,-49,12,1588871899.011125,38
2020-05-07 13:18:19.014761,Bluetooth,55:25:0e:31:e0:1e,-48,12,1588871899.014761,39
2020-05-07 13:18:20.120852,Bluetooth,55:25:0e:31:e0:1e,-52,12,1588871900.120852,37
2020-05-07 13:18:20.125108,Bluetooth,55:25:0e:31:e0:1e,-48,12,1588871900.125108,38
2020-05-07 13:18:20.128811,Bluetooth,55:25:0e:31:e0:1e,-52,12,1588871900.128811,39
2020-05-07 13:18:20.233681,Bluetooth,e5:77:66:f9:58:66,-53,12,1588871900.233681,37
2020-05-07 13:18:20.238774,Bluetooth,e5:77:66:f9:58:66,-48,12,1588871900.238774,38
2020-05-07 13:18:20.242081,Bluetooth,e5:77:66:f9:58:66,-45,12,1588871900.242081,39
2020-05-07 13:18:20.395808,Bluetooth,55:25:0e:31:e0:1e,-52,12,1588871900.395808,37
2020-05-07 13:18:20.399991,Bluetooth,55:25:0e:31:e0:1e,-49,12,1588871900.399991,38
2020-05-07 13:18:20.403629,Bluetooth,55:25:0e:31:e0:1e,-48,12,1588871900.403629,39
2020-05-07 13:18:20.670900,Bluetooth,55:25:0e:31:e0:1e,-52,12,1588871900.6709,37
2020-05-07 13:18:20.673027,Bluetooth,55:25:0e:31:e0:1e,-48,12,1588871900.673027,38
2020-05-07 13:18:20.674704,Bluetooth,55:25:0e:31:e0:1e,-48,12,1588871900.674704,39
2020-05-07 13:18:20.951850,Bluetooth,55:25:0e:31:e0:1e,-52,12,1588871900.95185,37
2020-05-07 13:18:20.956188,Bluetooth,55:25:0e:31:e0:1e,-48,12,1588871900.956188,38
2020-05-07 13:18:20.959839,Bluetooth,55:25:0e:31:e0:1e,-49,12,1588871900.959839,39
2020-05-07 13:18:21.222226,Bluetooth,55:25:0e:31:e0:1e,-52,12,1588871901.222226,37
2020-05-07 13:18:21.225012,Bluetooth,55:25:0e:31:e0:1e,-49,12,1588871901.225012,38
2020-05-07 13:18:21.226505,Bluetooth,55:25:0e:31:e0:1e,-44,12,1588871901.226505,39
2020-05-07 13:18:21.493843,Bluetooth,55:25:0e:31:e0:1e,-52,12,1588871901.493843,37
2020-05-07 13:18:21.496000,Bluetooth,55:25:0e:31:e0:1e,-48,12,1588871901.496,38
2020-05-07 13:18:21.497817,Bluetooth,55:25:0e:31:e0:1e,-51,12,1588871901.497817,39
2020-05-07 13:18:21.773971,Bluetooth,55:25:0e:31:e0:1e,-52,12,1588871901.773971,37
2020-05-07 13:18:21.778238,Bluetooth,55:25:0e:31:e0:1e,-49,12,1588871901.778238,38
2020-05-07 13:18:21.781809,Bluetooth,55:25:0e:31:e0:1e,-46,12,1588871901.781809,39
2020-05-07 13:18:22.054894,Bluetooth,55:25:0e:31:e0:1e,-50,12,1588871902.054894,37
2020-05-07 13:18:22.059479,Bluetooth,55:25:0e:31:e0:1e,-49,12,1588871902.059479,38
2020-05-07 13:18:22.063208,Bluetooth,55:25:0e:31:e0:1e,-52,12,1588871902.063208,39
2020-05-07 13:18:22.327947,Bluetooth,55:25:0e:31:e0:1e,-52,12,1588871902.327947,37
2020-05-07 13:18:22.329989,Bluetooth,55:25:0e:31:e0:1e,-49,12,1588871902.329989,38
2020-05-07 13:18:22.331433,Bluetooth,55:25:0e:31:e0:1e,-47,12,1588871902.331433,39
2020-05-07 13:18:22.606757,Bluetooth,55:25:0e:31:e0:1e,-52,12,1588871902.606757,37
2020-05-07 13:18:22.611044,Bluetooth,55:25:0e:31:e0:1e,-48,12,1588871902.611044,38
2020-05-07 13:18:22.614645,Bluetooth,55:25:0e:31:e0:1e,-45,12,1588871902.614645,39
2020-05-07 13:18:23.426866,Bluetooth,55:25:0e:31:e0:1e,-52,12,1588871903.426866,37
2020-05-07 13:18:23.431103,Bluetooth,55:25:0e:31:e0:1e,-48,12,1588871903.431103,38
2020-05-07 13:18:23.434731,Bluetooth,55:25:0e:31:e0:1e,-48,12,1588871903.434731,39
2020-05-07 13:18:23.703022,Bluetooth,55:25:0e:31:e0:1e,-52,12,1588871903.703022,37
2020-05-07 13:18:23.706999,Bluetooth,55:25:0e:31:e0:1e,-49,12,1588871903.706999,38
2020-05-07 13:18:23.710621,Bluetooth,55:25:0e:31:e0:1e,-47,12,1588871903.710621,39
2020-05-07 13:18:23.978742,Bluetooth,55:25:0e:31:e0:1e,-52,12,1588871903.978742,37
2020-05-07 13:18:23.982414,Bluetooth,55:25:0e:31:e0:1e,-48,12,1588871903.982414,38
2020-05-07 13:18:23.990446,Bluetooth,55:25:0e:31:e0:1e,-47,12,1588871903.990446,39
2020-05-07 13:18:24.239406,Bluetooth,e5:77:66:f9:58:66,-53,12,1588871904.239406,37
2020-05-07 13:18:24.245045,Bluetooth,e5:77:66:f9:58:66,-48,12,1588871904.245045,38
2020-05-07 13:18:24.247651,Bluetooth,e5:77:66:f9:58:66,-46,12,1588871904.247651,39
2020-05-07 13:18:24.253854,Bluetooth,55:25:0e:31:e0:1e,-52,12,1588871904.253854,37
2020-05-07 13:18:24.255621,Bluetooth,55:25:0e:31:e0:1e,-48,12,1588871904.255621,38
2020-05-07 13:18:24.257134,Bluetooth,55:25:0e:31:e0:1e,-47,12,1588871904.257134,39
2020-05-07 13:18:24.524424,Bluetooth,55:25:0e:31:e0:1e,-52,12,1588871904.524424,37
2020-05-07 13:18:24.526282,Bluetooth,55:25:0e:31:e0:1e,-48,12,1588871904.526282,38
2020-05-07 13:18:24.527757,Bluetooth,55:25:0e:31:e0:1e,-48,12,1588871904.527757,39
2020-05-07 13:18:24.798953,Bluetooth,55:25:0e:31:e0:1e,-52,12,1588871904.798953,37
2020-05-07 13:18:24.803867,Bluetooth,55:25:0e:31:e0:1e,-49,12,1588871904.803867,38
2020-05-07 13:18:24.807685,Bluetooth,55:25:0e:31:e0:1e,-52,12,1588871904.807685,39
2020-05-07 13:18:25.076224,Bluetooth,55:25:0e:31:e0:1e,-52,12,1588871905.076224,37
2020-05-07 13:18:25.078018,Bluetooth,55:25:0e:31:e0:1e,-52,12,1588871905.078018,38
2020-05-07 13:18:25.079524,Bluetooth,55:25:0e:31:e0:1e,-45,12,1588871905.079524,39
2020-05-07 13:18:25.351001,Bluetooth,55:25:0e:31:e0:1e,-52,12,1588871905.351001,37
2020-05-07 13:18:25.355333,Bluetooth,55:25:0e:31:e0:1e,-48,12,1588871905.355333,38
2020-05-07 13:18:25.359215,Bluetooth,55:25:0e:31:e0:1e,-48,12,1588871905.359215,39
2020-05-07 13:18:25.625955,Bluetooth,55:25:0e:31:e0:1e,-53,12,1588871905.625955,37
2020-05-07 13:18:25.628045,Bluetooth,55:25:0e:31:e0:1e,-49,12,1588871905.628045,38
2020-05-07 13:18:25.629626,Bluetooth,55:25:0e:31:e0:1e,-46,12,1588871905.629626,39
2020-05-07 13:18:25.904902,Bluetooth,55:25:0e:31:e0:1e,-52,12,1588871905.904902,37
2020-05-07 13:18:25.906913,Bluetooth,55:25:0e:31:e0:1e,-49,12,1588871905.906913,38
2020-05-07 13:18:25.908610,Bluetooth,55:25:0e:31:e0:1e,-48,12,1588871905.90861,39
2020-05-07 13:18:26.240152,Bluetooth,e5:77:66:f9:58:66,-52,12,1588871906.240152,37
2020-05-07 13:18:26.245531,Bluetooth,e5:77:66:f9:58:66,-48,12,1588871906.245531,38
2020-05-07 13:18:26.248158,Bluetooth,e5:77:66:f9:58:66,-45,12,1588871906.248158,39
2020-05-07 13:18:27.014501,Bluetooth,55:25:0e:31:e0:1e,-52,12,1588871907.014501,37
2020-05-07 13:18:27.017199,Bluetooth,55:25:0e:31:e0:1e,-48,12,1588871907.017199,38
2020-05-07 13:18:27.018940,Bluetooth,55:25:0e:31:e0:1e,-52,12,1588871907.01894,39
2020-05-07 13:18:27.287909,Bluetooth,55:25:0e:31:e0:1e,-52,12,1588871907.287909,37
2020-05-07 13:18:27.289762,Bluetooth,55:25:0e:31:e0:1e,-48,12,1588871907.289762,38
2020-05-07 13:18:27.291223,Bluetooth,55:25:0e:31:e0:1e,-48,12,1588871907.291223,39
2020-05-07 13:18:27.565184,Bluetooth,55:25:0e:31:e0:1e,-49,12,1588871907.565184,37
2020-05-07 13:18:27.569615,Bluetooth,55:25:0e:31:e0:1e,-48,12,1588871907.569615,38
2020-05-07 13:18:27.573208,Bluetooth,55:25:0e:31:e0:1e,-48,12,1588871907.573208,39
2020-05-07 13:18:27.839002,Bluetooth,55:25:0e:31:e0:1e,-52,12,1588871907.839002,37
2020-05-07 13:18:27.840915,Bluetooth,55:25:0e:31:e0:1e,-48,12,1588871907.840915,38
2020-05-07 13:18:27.842416,Bluetooth,55:25:0e:31:e0:1e,-48,12,1588871907.842416,39
2020-05-07 13:18:28.116225,Bluetooth,55:25:0e:31:e0:1e,-50,12,1588871908.116225,37
2020-05-07 13:18:28.120419,Bluetooth,55:25:0e:31:e0:1e,-49,12,1588871908.120419,38
2020-05-07 13:18:28.122348,Bluetooth,55:25:0e:31:e0:1e,-48,12,1588871908.122348,39
2020-05-07 13:18:28.385962,Bluetooth,55:25:0e:31:e0:1e,-52,12,1588871908.385962,37
2020-05-07 13:18:28.387785,Bluetooth,55:25:0e:31:e0:1e,-48,12,1588871908.387785,38
2020-05-07 13:18:28.389325,Bluetooth,55:25:0e:31:e0:1e,-48,12,1588871908.389325,39
2020-05-07 13:18:28.661131,Bluetooth,55:25:0e:31:e0:1e,-52,12,1588871908.661131,37
2020-05-07 13:18:28.663701,Bluetooth,55:25:0e:31:e0:1e,-48,12,1588871908.663701,38
2020-05-07 13:18:28.665532,Bluetooth,55:25:0e:31:e0:1e,-47,12,1588871908.665532,39
2020-05-07 13:18:28.935094,Bluetooth,55:25:0e:31:e0:1e,-52,12,1588871908.935094,37
2020-05-07 13:18:28.937286,Bluetooth,55:25:0e:31:e0:1e,-49,12,1588871908.937286,38
2020-05-07 13:18:28.938973,Bluetooth,55:25:0e:31:e0:1e,-48,12,1588871908.938973,39
2020-05-07 13:18:29.208588,Bluetooth,55:25:0e:31:e0:1e,-52,12,1588871909.208588,37
2020-05-07 13:18:29.216526,Bluetooth,55:25:0e:31:e0:1e,-48,12,1588871909.216526,38
2020-05-07 13:18:29.220182,Bluetooth,55:25:0e:31:e0:1e,-44,12,1588871909.220182,39
2020-05-07 13:18:30.260121,Bluetooth,e5:77:66:f9:58:66,-52,12,1588871910.260121,37
2020-05-07 13:18:30.265440,Bluetooth,e5:77:66:f9:58:66,-48,12,1588871910.26544,38
2020-05-07 13:18:30.267959,Bluetooth,e5:77:66:f9:58:66,-45,12,1588871910.267959,39
2020-05-07 13:18:30.307906,Bluetooth,55:25:0e:31:e0:1e,-52,12,1588871910.307906,37
2020-05-07 13:18:30.312552,Bluetooth,55:25:0e:31:e0:1e,-49,12,1588871910.312552,38
2020-05-07 13:18:30.316431,Bluetooth,55:25:0e:31:e0:1e,-48,12,1588871910.316431,39
2020-05-07 13:18:30.581505,Bluetooth,55:25:0e:31:e0:1e,-52,12,1588871910.581505,37
2020-05-07 13:18:30.583336,Bluetooth,55:25:0e:31:e0:1e,-49,12,1588871910.583336,38
2020-05-07 13:18:30.584841,Bluetooth,55:25:0e:31:e0:1e,-47,12,1588871910.584841,39
2020-05-07 13:18:30.862998,Bluetooth,55:25:0e:31:e0:1e,-52,12,1588871910.862998,37
2020-05-07 13:18:30.867278,Bluetooth,55:25:0e:31:e0:1e,-49,12,1588871910.867278,38
2020-05-07 13:18:30.870883,Bluetooth,55:25:0e:31:e0:1e,-45,12,1588871910.870883,39
2020-05-07 13:18:31.134922,Bluetooth,55:25:0e:31:e0:1e,-52,12,1588871911.134922,37
2020-05-07 13:18:31.136921,Bluetooth,55:25:0e:31:e0:1e,-48,12,1588871911.136921,38
2020-05-07 13:18:31.144411,Bluetooth,55:25:0e:31:e0:1e,-47,12,1588871911.144411,39
2020-05-07 13:18:31.411988,Bluetooth,55:25:0e:31:e0:1e,-52,12,1588871911.411988,37
2020-05-07 13:18:31.416364,Bluetooth,55:25:0e:31:e0:1e,-49,12,1588871911.416364,38
2020-05-07 13:18:31.419900,Bluetooth,55:25:0e:31:e0:1e,-51,12,1588871911.4199,39
2020-05-07 13:18:31.682197,Bluetooth,55:25:0e:31:e0:1e,-52,12,1588871911.682197,37
2020-05-07 13:18:31.684863,Bluetooth,55:25:0e:31:e0:1e,-49,12,1588871911.684863,38
2020-05-07 13:18:31.686466,Bluetooth,55:25:0e:31:e0:1e,-48,12,1588871911.686466,39
2020-05-07 13:18:31.954924,Bluetooth,55:25:0e:31:e0:1e,-52,12,1588871911.954924,37
2020-05-07 13:18:31.956831,Bluetooth,55:25:0e:31:e0:1e,-48,12,1588871911.956831,38
2020-05-07 13:18:31.958354,Bluetooth,55:25:0e:31:e0:1e,-52,12,1588871911.958354,39
2020-05-07 13:18:32.224972,Bluetooth,55:25:0e:31:e0:1e,-52,12,1588871912.224972,37
2020-05-07 13:18:32.226782,Bluetooth,55:25:0e:31:e0:1e,-48,12,1588871912.226782,38
2020-05-07 13:18:32.229347,Bluetooth,55:25:0e:31:e0:1e,-47,12,1588871912.229347,39
2020-05-07 13:18:32.259887,Bluetooth,e5:77:66:f9:58:66,-52,12,1588871912.259887,37
2020-05-07 13:18:32.264943,Bluetooth,e5:77:66:f9:58:66,-48,12,1588871912.264943,38
2020-05-07 13:18:32.266874,Bluetooth,e5:77:66:f9:58:66,-45,12,1588871912.266874,39
2020-05-07 13:18:32.497011,Bluetooth,55:25:0e:31:e0:1e,-52,12,1588871912.497011,37
2020-05-07 13:18:32.501245,Bluetooth,55:25:0e:31:e0:1e,-49,12,1588871912.501245,38
2020-05-07 13:18:32.502730,Bluetooth,55:25:0e:31:e0:1e,-48,12,1588871912.50273,39
2020-05-07 13:18:33.332117,Bluetooth,55:25:0e:31:e0:1e,-52,12,1588871913.332117,37
2020-05-07 13:18:33.336418,Bluetooth,55:25:0e:31:e0:1e,-48,12,1588871913.336418,38
2020-05-07 13:18:33.339980,Bluetooth,55:25:0e:31:e0:1e,-51,12,1588871913.33998,39
2020-05-07 13:18:33.607043,Bluetooth,55:25:0e:31:e0:1e,-52,12,1588871913.607043,37
2020-05-07 13:18:33.611279,Bluetooth,55:25:0e:31:e0:1e,-48,12,1588871913.611279,38
2020-05-07 13:18:33.614866,Bluetooth,55:25:0e:31:e0:1e,-47,12,1588871913.614866,39
2020-05-07 13:18:33.885003,Bluetooth,55:25:0e:31:e0:1e,-52,12,1588871913.885003,37
2020-05-07 13:18:33.886840,Bluetooth,55:25:0e:31:e0:1e,-48,12,1588871913.88684,38
2020-05-07 13:18:33.888362,Bluetooth,55:25:0e:31:e0:1e,-47,12,1588871913.888362,39
2020-05-07 13:18:34.157396,Bluetooth,55:25:0e:31:e0:1e,-52,12,1588871914.157396,37
2020-05-07 13:18:34.161960,Bluetooth,55:25:0e:31:e0:1e,-48,12,1588871914.16196,38
2020-05-07 13:18:34.165407,Bluetooth,55:25:0e:31:e0:1e,-47,12,1588871914.165407,39
2020-05-07 13:18:34.431118,Bluetooth,55:25:0e:31:e0:1e,-53,12,1588871914.431118,37
2020-05-07 13:18:34.433029,Bluetooth,55:25:0e:31:e0:1e,-49,12,1588871914.433029,38
2020-05-07 13:18:34.434523,Bluetooth,55:25:0e:31:e0:1e,-48,12,1588871914.434523,39
2020-05-07 13:18:34.704411,Bluetooth,55:25:0e:31:e0:1e,-52,12,1588871914.704411,37
2020-05-07 13:18:34.706791,Bluetooth,55:25:0e:31:e0:1e,-49,12,1588871914.706791,38
2020-05-07 13:18:34.708949,Bluetooth,55:25:0e:31:e0:1e,-48,12,1588871914.708949,39
2020-05-07 13:18:34.985373,Bluetooth,55:25:0e:31:e0:1e,-52,12,1588871914.985373,37
2020-05-07 13:18:34.989742,Bluetooth,55:25:0e:31:e0:1e,-49,12,1588871914.989742,38
2020-05-07 13:18:34.993446,Bluetooth,55:25:0e:31:e0:1e,-46,12,1588871914.993446,39
2020-05-07 13:18:35.257529,Bluetooth,55:25:0e:31:e0:1e,-52,12,1588871915.257529,37
2020-05-07 13:18:35.262314,Bluetooth,55:25:0e:31:e0:1e,-48,12,1588871915.262314,38
2020-05-07 13:18:35.265625,Bluetooth,55:25:0e:31:e0:1e,-48,12,1588871915.265625,39
2020-05-07 13:18:35.534075,Bluetooth,55:25:0e:31:e0:1e,-52,12,1588871915.534075,37
2020-05-07 13:18:35.535977,Bluetooth,55:25:0e:31:e0:1e,-48,12,1588871915.535977,38
2020-05-07 13:18:35.537522,Bluetooth,55:25:0e:31:e0:1e,-49,12,1588871915.537522,39
2020-05-07 13:18:35.816303,Bluetooth,55:25:0e:31:e0:1e,-52,12,1588871915.816303,37
2020-05-07 13:18:35.820716,Bluetooth,55:25:0e:31:e0:1e,-51,12,1588871915.820716,38
2020-05-07 13:18:35.824517,Bluetooth,55:25:0e:31:e0:1e,-48,12,1588871915.824517,39
2020-05-07 13:18:36.094065,Bluetooth,55:25:0e:31:e0:1e,-52,12,1588871916.094065,37
2020-05-07 13:18:36.095929,Bluetooth,55:25:0e:31:e0:1e,-49,12,1588871916.095929,38
2020-05-07 13:18:36.097429,Bluetooth,55:25:0e:31:e0:1e,-46,12,1588871916.097429,39
2020-05-07 13:18:36.277110,Bluetooth,e5:77:66:f9:58:66,-49,12,1588871916.27711,37
2020-05-07 13:18:36.282103,Bluetooth,e5:77:66:f9:58:66,-48,12,1588871916.282103,38
2020-05-07 13:18:36.284583,Bluetooth,e5:77:66:f9:58:66,-45,12,1588871916.284583,39
2020-05-07 13:18:36.925350,Bluetooth,55:25:0e:31:e0:1e,-52,12,1588871916.92535,37
2020-05-07 13:18:36.927561,Bluetooth,55:25:0e:31:e0:1e,-48,12,1588871916.927561,38
2020-05-07 13:18:36.929398,Bluetooth,55:25:0e:31:e0:1e,-46,12,1588871916.929398,39
2020-05-07 13:18:37.197376,Bluetooth,55:25:0e:31:e0:1e,-52,12,1588871917.197376,37
2020-05-07 13:18:37.202094,Bluetooth,55:25:0e:31:e0:1e,-48,12,1588871917.202094,38
2020-05-07 13:18:37.205536,Bluetooth,55:25:0e:31:e0:1e,-48,12,1588871917.205536,39
2020-05-07 13:18:37.475218,Bluetooth,55:25:0e:31:e0:1e,-52,12,1588871917.475218,37
2020-05-07 13:18:37.477155,Bluetooth,55:25:0e:31:e0:1e,-49,12,1588871917.477155,38
2020-05-07 13:18:37.478613,Bluetooth,55:25:0e:31:e0:1e,-48,12,1588871917.478613,39
2020-05-07 13:18:37.753584,Bluetooth,55:25:0e:31:e0:1e,-52,12,1588871917.753584,37
2020-05-07 13:18:37.758260,Bluetooth,55:25:0e:31:e0:1e,-48,12,1588871917.75826,38
2020-05-07 13:18:37.762037,Bluetooth,55:25:0e:31:e0:1e,-48,12,1588871917.762037,39
2020-05-07 13:18:38.028057,Bluetooth,55:25:0e:31:e0:1e,-52,12,1588871918.028057,37
2020-05-07 13:18:38.030158,Bluetooth,55:25:0e:31:e0:1e,-48,12,1588871918.030158,38
2020-05-07 13:18:38.031875,Bluetooth,55:25:0e:31:e0:1e,-51,12,1588871918.031875,39
2020-05-07 13:18:38.275020,Bluetooth,e5:77:66:f9:58:66,-52,12,1588871918.27502,37
2020-05-07 13:18:38.280461,Bluetooth,e5:77:66:f9:58:66,-48,12,1588871918.280461,38
2020-05-07 13:18:38.282999,Bluetooth,e5:77:66:f9:58:66,-45,12,1588871918.282999,39
2020-05-07 13:18:38.307218,Bluetooth,55:25:0e:31:e0:1e,-52,12,1588871918.307218,37
2020-05-07 13:18:38.311700,Bluetooth,55:25:0e:31:e0:1e,-48,12,1588871918.3117,38
2020-05-07 13:18:38.315357,Bluetooth,55:25:0e:31:e0:1e,-48,12,1588871918.315357,39
2020-05-07 13:18:38.580825,Bluetooth,55:25:0e:31:e0:1e,-48,12,1588871918.580825,37
2020-05-07 13:18:38.582716,Bluetooth,55:25:0e:31:e0:1e,-48,12,1588871918.582716,38
2020-05-07 13:18:38.584654,Bluetooth,55:25:0e:31:e0:1e,-49,12,1588871918.584654,39
2020-05-07 13:18:38.861457,Bluetooth,55:25:0e:31:e0:1e,-52,12,1588871918.861457,37
2020-05-07 13:18:38.865552,Bluetooth,55:25:0e:31:e0:1e,-48,12,1588871918.865552,38
2020-05-07 13:18:38.869200,Bluetooth,55:25:0e:31:e0:1e,-47,12,1588871918.8692,39
2020-05-07 13:18:39.136116,Bluetooth,55:25:0e:31:e0:1e,-52,12,1588871919.136116,37
2020-05-07 13:18:39.138176,Bluetooth,55:25:0e:31:e0:1e,-48,12,1588871919.138176,38
2020-05-07 13:18:39.139817,Bluetooth,55:25:0e:31:e0:1e,-48,12,1588871919.139817,39
2020-05-07 13:18:39.413211,Bluetooth,55:25:0e:31:e0:1e,-52,12,1588871919.413211,37
2020-05-07 13:18:39.421843,Bluetooth,55:25:0e:31:e0:1e,-48,12,1588871919.421843,38
2020-05-07 13:18:39.424006,Bluetooth,55:25:0e:31:e0:1e,-47,12,1588871919.424006,39
2020-05-07 13:18:40.229236,Bluetooth,55:25:0e:31:e0:1e,-52,12,1588871920.229236,37
2020-05-07 13:18:40.233598,Bluetooth,55:25:0e:31:e0:1e,-48,12,1588871920.233598,38
2020-05-07 13:18:40.237225,Bluetooth,55:25:0e:31:e0:1e,-48,12,1588871920.237225,39
2020-05-07 13:18:40.504174,Bluetooth,55:25:0e:31:e0:1e,-52,12,1588871920.504174,37
2020-05-07 13:18:40.508136,Bluetooth,55:25:0e:31:e0:1e,-48,12,1588871920.508136,38
2020-05-07 13:18:40.511759,Bluetooth,55:25:0e:31:e0:1e,-48,12,1588871920.511759,39
2020-05-07 13:18:40.781181,Bluetooth,55:25:0e:31:e0:1e,-48,12,1588871920.781181,37
2020-05-07 13:18:40.783002,Bluetooth,55:25:0e:31:e0:1e,-49,12,1588871920.783002,38
2020-05-07 13:18:40.784516,Bluetooth,55:25:0e:31:e0:1e,-49,12,1588871920.784516,39
2020-05-07 13:18:41.051286,Bluetooth,55:25:0e:31:e0:1e,-52,12,1588871921.051286,37
2020-05-07 13:18:41.053462,Bluetooth,55:25:0e:31:e0:1e,-51,12,1588871921.053462,38
2020-05-07 13:18:41.055166,Bluetooth,55:25:0e:31:e0:1e,-52,12,1588871921.055166,39
2020-05-07 13:18:41.325293,Bluetooth,55:25:0e:31:e0:1e,-52,12,1588871921.325293,37
2020-05-07 13:18:41.327139,Bluetooth,55:25:0e:31:e0:1e,-49,12,1588871921.327139,38
2020-05-07 13:18:41.329627,Bluetooth,55:25:0e:31:e0:1e,-47,12,1588871921.329627,39
2020-05-07 13:18:41.606757,Bluetooth,55:25:0e:31:e0:1e,-52,12,1588871921.606757,37
2020-05-07 13:18:41.611270,Bluetooth,55:25:0e:31:e0:1e,-48,12,1588871921.61127,38
2020-05-07 13:18:41.614982,Bluetooth,55:25:0e:31:e0:1e,-48,12,1588871921.614982,39
2020-05-07 13:18:41.884164,Bluetooth,55:25:0e:31:e0:1e,-52,12,1588871921.884164,37
2020-05-07 13:18:41.886080,Bluetooth,55:25:0e:31:e0:1e,-49,12,1588871921.88608,38
2020-05-07 13:18:41.887524,Bluetooth,55:25:0e:31:e0:1e,-48,12,1588871921.887524,39
2020-05-07 13:18:42.162458,Bluetooth,55:25:0e:31:e0:1e,-52,12,1588871922.162458,37
2020-05-07 13:18:42.167019,Bluetooth,55:25:0e:31:e0:1e,-49,12,1588871922.167019,38
2020-05-07 13:18:42.169434,Bluetooth,55:25:0e:31:e0:1e,-49,12,1588871922.169434,39
2020-05-07 13:18:42.278004,Bluetooth,e5:77:66:f9:58:66,-52,12,1588871922.278004,37
2020-05-07 13:18:42.282691,Bluetooth,e5:77:66:f9:58:66,-48,12,1588871922.282691,38
2020-05-07 13:18:42.284682,Bluetooth,e5:77:66:f9:58:66,-45,12,1588871922.284682,39
2020-05-07 13:18:42.442286,Bluetooth,55:25:0e:31:e0:1e,-52,12,1588871922.442286,37
2020-05-07 13:18:42.447019,Bluetooth,55:25:0e:31:e0:1e,-49,12,1588871922.447019,38
2020-05-07 13:18:42.451050,Bluetooth,55:25:0e:31:e0:1e,-44,12,1588871922.45105,39
2020-05-07 13:18:42.719236,Bluetooth,55:25:0e:31:e0:1e,-52,12,1588871922.719236,37
2020-05-07 13:18:42.723807,Bluetooth,55:25:0e:31:e0:1e,-48,12,1588871922.723807,38
2020-05-07 13:18:42.727664,Bluetooth,55:25:0e:31:e0:1e,-48,12,1588871922.727664,39
2020-05-07 13:18:42.994142,Bluetooth,55:25:0e:31:e0:1e,-52,12,1588871922.994142,37
2020-05-07 13:18:42.995945,Bluetooth,55:25:0e:31:e0:1e,-48,12,1588871922.995945,38
2020-05-07 13:18:42.997425,Bluetooth,55:25:0e:31:e0:1e,-49,12,1588871922.997425,39
2020-05-07 13:18:43.822336,Bluetooth,55:25:0e:31:e0:1e,-52,12,1588871923.822336,37
2020-05-07 13:18:43.826617,Bluetooth,55:25:0e:31:e0:1e,-48,12,1588871923.826617,38
2020-05-07 13:18:43.830271,Bluetooth,55:25:0e:31:e0:1e,-47,12,1588871923.830271,39
2020-05-07 13:18:44.100433,Bluetooth,55:25:0e:31:e0:1e,-52,12,1588871924.100433,37
2020-05-07 13:18:44.102508,Bluetooth,55:25:0e:31:e0:1e,-48,12,1588871924.102508,38
2020-05-07 13:18:44.104206,Bluetooth,55:25:0e:31:e0:1e,-47,12,1588871924.104206,39
2020-05-07 13:18:44.284144,Bluetooth,e5:77:66:f9:58:66,-52,12,1588871924.284144,37
2020-05-07 13:18:44.289635,Bluetooth,e5:77:66:f9:58:66,-48,12,1588871924.289635,38
2020-05-07 13:18:44.293687,Bluetooth,e5:77:66:f9:58:66,-48,12,1588871924.293687,39
2020-05-07 13:18:44.382477,Bluetooth,55:25:0e:31:e0:1e,-52,12,1588871924.382477,37
2020-05-07 13:18:44.386906,Bluetooth,55:25:0e:31:e0:1e,-48,12,1588871924.386906,38
2020-05-07 13:18:44.390607,Bluetooth,55:25:0e:31:e0:1e,-47,12,1588871924.390607,39
2020-05-07 13:18:44.657652,Bluetooth,55:25:0e:31:e0:1e,-52,12,1588871924.657652,37
2020-05-07 13:18:44.659370,Bluetooth,55:25:0e:31:e0:1e,-48,12,1588871924.65937,38
2020-05-07 13:18:44.660846,Bluetooth,55:25:0e:31:e0:1e,-47,12,1588871924.660846,39
2020-05-07 13:18:44.939684,Bluetooth,55:25:0e:31:e0:1e,-52,12,1588871924.939684,37
2020-05-07 13:18:44.944096,Bluetooth,55:25:0e:31:e0:1e,-48,12,1588871924.944096,38
2020-05-07 13:18:44.947814,Bluetooth,55:25:0e:31:e0:1e,-52,12,1588871924.947814,39
2020-05-07 13:18:45.209499,Bluetooth,55:25:0e:31:e0:1e,-52,12,1588871925.209499,37
2020-05-07 13:18:45.212218,Bluetooth,55:25:0e:31:e0:1e,-48,12,1588871925.212218,38
2020-05-07 13:18:45.213920,Bluetooth,55:25:0e:31:e0:1e,-47,12,1588871925.21392,39
2020-05-07 13:18:45.484213,Bluetooth,55:25:0e:31:e0:1e,-49,12,1588871925.484213,37
2020-05-07 13:18:45.488508,Bluetooth,55:25:0e:31:e0:1e,-48,12,1588871925.488508,38
2020-05-07 13:18:45.492085,Bluetooth,55:25:0e:31:e0:1e,-49,12,1588871925.492085,39
2020-05-07 13:18:45.760169,Bluetooth,55:25:0e:31:e0:1e,-52,12,1588871925.760169,37
2020-05-07 13:18:45.762007,Bluetooth,55:25:0e:31:e0:1e,-49,12,1588871925.762007,38
2020-05-07 13:18:45.763463,Bluetooth,55:25:0e:31:e0:1e,-48,12,1588871925.763463,39
2020-05-07 13:18:46.037445,Bluetooth,55:25:0e:31:e0:1e,-52,12,1588871926.037445,37
2020-05-07 13:18:46.041753,Bluetooth,55:25:0e:31:e0:1e,-48,12,1588871926.041753,38
2020-05-07 13:18:46.045332,Bluetooth,55:25:0e:31:e0:1e,-51,12,1588871926.045332,39
2020-05-07 13:18:46.295815,Bluetooth,e5:77:66:f9:58:66,-53,12,1588871926.295815,37
2020-05-07 13:18:46.300351,Bluetooth,e5:77:66:f9:58:66,-48,12,1588871926.300351,38
2020-05-07 13:18:46.302915,Bluetooth,e5:77:66:f9:58:66,-46,12,1588871926.302915,39
2020-05-07 13:18:46.306125,Bluetooth,55:25:0e:31:e0:1e,-52,12,1588871926.306125,37
2020-05-07 13:18:46.307945,Bluetooth,55:25:0e:31:e0:1e,-48,12,1588871926.307945,38
2020-05-07 13:18:46.309430,Bluetooth,55:25:0e:31:e0:1e,-48,12,1588871926.30943,39
2020-05-07 13:18:47.413388,Bluetooth,55:25:0e:31:e0:1e,-52,12,1588871927.413388,37
2020-05-07 13:18:47.417671,Bluetooth,55:25:0e:31:e0:1e,-49,12,1588871927.417671,38
2020-05-07 13:18:47.421378,Bluetooth,55:25:0e:31:e0:1e,-49,12,1588871927.421378,39
2020-05-07 13:18:47.690540,Bluetooth,55:25:0e:31:e0:1e,-52,12,1588871927.69054,37
2020-05-07 13:18:47.694621,Bluetooth,55:25:0e:31:e0:1e,-48,12,1588871927.694621,38
2020-05-07 13:18:47.698231,Bluetooth,55:25:0e:31:e0:1e,-48,12,1588871927.698231,39
2020-05-07 13:18:47.962537,Bluetooth,55:25:0e:31:e0:1e,-52,12,1588871927.962537,37
2020-05-07 13:18:47.964455,Bluetooth,55:25:0e:31:e0:1e,-52,12,1588871927.964455,38
2020-05-07 13:18:47.965930,Bluetooth,55:25:0e:31:e0:1e,-47,12,1588871927.96593,39
2020-05-07 13:18:48.241241,Bluetooth,55:25:0e:31:e0:1e,-51,12,1588871928.241241,37
2020-05-07 13:18:48.243185,Bluetooth,55:25:0e:31:e0:1e,-48,12,1588871928.243185,38
2020-05-07 13:18:48.246445,Bluetooth,55:25:0e:31:e0:1e,-46,12,1588871928.246445,39
2020-05-07 13:18:48.300172,Bluetooth,e5:77:66:f9:58:66,-52,12,1588871928.300172,37
2020-05-07 13:18:48.305536,Bluetooth,e5:77:66:f9:58:66,-49,12,1588871928.305536,38
2020-05-07 13:18:48.308073,Bluetooth,e5:77:66:f9:58:66,-45,12,1588871928.308073,39
2020-05-07 13:18:48.514334,Bluetooth,55:25:0e:31:e0:1e,-52,12,1588871928.514334,37
2020-05-07 13:18:48.519166,Bluetooth,55:25:0e:31:e0:1e,-48,12,1588871928.519166,38
2020-05-07 13:18:48.523300,Bluetooth,55:25:0e:31:e0:1e,-47,12,1588871928.5233,39
2020-05-07 13:18:48.785718,Bluetooth,55:25:0e:31:e0:1e,-52,12,1588871928.785718,37
2020-05-07 13:18:48.789789,Bluetooth,55:25:0e:31:e0:1e,-48,12,1588871928.789789,38
2020-05-07 13:18:48.793432,Bluetooth,55:25:0e:31:e0:1e,-48,12,1588871928.793432,39
2020-05-07 13:18:49.057295,Bluetooth,55:25:0e:31:e0:1e,-52,12,1588871929.057295,37
2020-05-07 13:18:49.059123,Bluetooth,55:25:0e:31:e0:1e,-48,12,1588871929.059123,38
2020-05-07 13:18:49.060609,Bluetooth,55:25:0e:31:e0:1e,-49,12,1588871929.060609,39
2020-05-07 13:18:49.338848,Bluetooth,55:25:0e:31:e0:1e,-52,12,1588871929.338848,37
2020-05-07 13:18:49.343232,Bluetooth,55:25:0e:31:e0:1e,-48,12,1588871929.343232,38
2020-05-07 13:18:49.346944,Bluetooth,55:25:0e:31:e0:1e,-45,12,1588871929.346944,39
2020-05-07 13:18:49.609662,Bluetooth,55:25:0e:31:e0:1e,-52,12,1588871929.609662,37
2020-05-07 13:18:49.611910,Bluetooth,55:25:0e:31:e0:1e,-48,12,1588871929.61191,38
2020-05-07 13:18:49.613652,Bluetooth,55:25:0e:31:e0:1e,-47,12,1588871929.613652,39
2020-05-07 13:18:50.313948,Bluetooth,e5:77:66:f9:58:66,-52,12,1588871930.313948,37
2020-05-07 13:18:50.317993,Bluetooth,e5:77:66:f9:58:66,-48,12,1588871930.317993,38
2020-05-07 13:18:50.320856,Bluetooth,e5:77:66:f9:58:66,-45,12,1588871930.320856,39
2020-05-07 13:18:50.717600,Bluetooth,55:25:0e:31:e0:1e,-52,12,1588871930.7176,37
2020-05-07 13:18:50.722443,Bluetooth,55:25:0e:31:e0:1e,-48,12,1588871930.722443,38
2020-05-07 13:18:50.725776,Bluetooth,55:25:0e:31:e0:1e,-48,12,1588871930.725776,39
2020-05-07 13:18:50.992621,Bluetooth,55:25:0e:31:e0:1e,-52,12,1588871930.992621,37
2020-05-07 13:18:50.994715,Bluetooth,55:25:0e:31:e0:1e,-48,12,1588871930.994715,38
2020-05-07 13:18:50.996320,Bluetooth,55:25:0e:31:e0:1e,-48,12,1588871930.99632,39
2020-05-07 13:18:51.272511,Bluetooth,55:25:0e:31:e0:1e,-52,12,1588871931.272511,37
2020-05-07 13:18:51.276998,Bluetooth,55:25:0e:31:e0:1e,-48,12,1588871931.276998,38
2020-05-07 13:18:51.280788,Bluetooth,55:25:0e:31:e0:1e,-48,12,1588871931.280788,39
2020-05-07 13:18:51.549838,Bluetooth,55:25:0e:31:e0:1e,-52,12,1588871931.549838,37
2020-05-07 13:18:51.554209,Bluetooth,55:25:0e:31:e0:1e,-49,12,1588871931.554209,38
2020-05-07 13:18:51.557572,Bluetooth,55:25:0e:31:e0:1e,-47,12,1588871931.557572,39
2020-05-07 13:18:51.823429,Bluetooth,55:25:0e:31:e0:1e,-52,12,1588871931.823429,37
2020-05-07 13:18:51.825426,Bluetooth,55:25:0e:31:e0:1e,-48,12,1588871931.825426,38
2020-05-07 13:18:51.826891,Bluetooth,55:25:0e:31:e0:1e,-48,12,1588871931.826891,39
2020-05-07 13:18:52.100922,Bluetooth,55:25:0e:31:e0:1e,-52,12,1588871932.100922,37
2020-05-07 13:18:52.105216,Bluetooth,55:25:0e:31:e0:1e,-49,12,1588871932.105216,38
2020-05-07 13:18:52.109147,Bluetooth,55:25:0e:31:e0:1e,-47,12,1588871932.109147,39
2020-05-07 13:18:52.312308,Bluetooth,e5:77:66:f9:58:66,-52,12,1588871932.312308,37
2020-05-07 13:18:52.318073,Bluetooth,e5:77:66:f9:58:66,-48,12,1588871932.318073,38
2020-05-07 13:18:52.320851,Bluetooth,e5:77:66:f9:58:66,-46,12,1588871932.320851,39
2020-05-07 13:18:52.377420,Bluetooth,55:25:0e:31:e0:1e,-52,12,1588871932.37742,37
2020-05-07 13:18:52.379456,Bluetooth,55:25:0e:31:e0:1e,-48,12,1588871932.379456,38
2020-05-07 13:18:52.381183,Bluetooth,55:25:0e:31:e0:1e,-47,12,1588871932.381183,39
2020-05-07 13:18:52.658472,Bluetooth,55:25:0e:31:e0:1e,-52,12,1588871932.658472,37
2020-05-07 13:18:52.662739,Bluetooth,55:25:0e:31:e0:1e,-48,12,1588871932.662739,38
2020-05-07 13:18:52.664885,Bluetooth,55:25:0e:31:e0:1e,-46,12,1588871932.664885,39
2020-05-07 13:18:52.931824,Bluetooth,55:25:0e:31:e0:1e,-52,12,1588871932.931824,37
2020-05-07 13:18:52.933836,Bluetooth,55:25:0e:31:e0:1e,-49,12,1588871932.933836,38
2020-05-07 13:18:52.935338,Bluetooth,55:25:0e:31:e0:1e,-48,12,1588871932.935338,39
2020-05-07 13:18:53.204422,Bluetooth,55:25:0e:31:e0:1e,-52,12,1588871933.204422,37
2020-05-07 13:18:53.208754,Bluetooth,55:25:0e:31:e0:1e,-48,12,1588871933.208754,38
2020-05-07 13:18:53.210505,Bluetooth,55:25:0e:31:e0:1e,-49,12,1588871933.210505,39
2020-05-07 13:18:54.025527,Bluetooth,55:25:0e:31:e0:1e,-52,12,1588871934.025527,37
2020-05-07 13:18:54.029796,Bluetooth,55:25:0e:31:e0:1e,-48,12,1588871934.029796,38
2020-05-07 13:18:54.033320,Bluetooth,55:25:0e:31:e0:1e,-51,12,1588871934.03332,39
2020-05-07 13:18:54.297342,Bluetooth,55:25:0e:31:e0:1e,-52,12,1588871934.297342,37
2020-05-07 13:18:54.301492,Bluetooth,55:25:0e:31:e0:1e,-48,12,1588871934.301492,38
2020-05-07 13:18:54.305119,Bluetooth,55:25:0e:31:e0:1e,-46,12,1588871934.305119,39
2020-05-07 13:18:54.311559,Bluetooth,e5:77:66:f9:58:66,-53,12,1588871934.311559,37
2020-05-07 13:18:54.314315,Bluetooth,e5:77:66:f9:58:66,-48,12,1588871934.314315,38
2020-05-07 13:18:54.316304,Bluetooth,e5:77:66:f9:58:66,-49,12,1588871934.316304,39
2020-05-07 13:18:54.575160,Bluetooth,55:25:0e:31:e0:1e,-50,12,1588871934.57516,37
2020-05-07 13:18:54.579114,Bluetooth,55:25:0e:31:e0:1e,-48,12,1588871934.579114,38
2020-05-07 13:18:54.580947,Bluetooth,55:25:0e:31:e0:1e,-46,12,1588871934.580947,39
2020-05-07 13:18:54.847598,Bluetooth,55:25:0e:31:e0:1e,-52,12,1588871934.847598,37
2020-05-07 13:18:54.851857,Bluetooth,55:25:0e:31:e0:1e,-48,12,1588871934.851857,38
2020-05-07 13:18:54.855528,Bluetooth,55:25:0e:31:e0:1e,-48,12,1588871934.855528,39
2020-05-07 13:18:55.117565,Bluetooth,55:25:0e:31:e0:1e,-49,12,1588871935.117565,37
2020-05-07 13:18:55.123502,Bluetooth,55:25:0e:31:e0:1e,-48,12,1588871935.123502,38
2020-05-07 13:18:55.125185,Bluetooth,55:25:0e:31:e0:1e,-48,12,1588871935.125185,39
2020-05-07 13:18:55.385657,Bluetooth,55:25:0e:31:e0:1e,-52,12,1588871935.385657,37
2020-05-07 13:18:55.387758,Bluetooth,55:25:0e:31:e0:1e,-48,12,1588871935.387758,38
2020-05-07 13:18:55.389523,Bluetooth,55:25:0e:31:e0:1e,-49,12,1588871935.389523,39
2020-05-07 13:18:55.661848,Bluetooth,55:25:0e:31:e0:1e,-48,12,1588871935.661848,37
2020-05-07 13:18:55.666231,Bluetooth,55:25:0e:31:e0:1e,-49,12,1588871935.666231,38
2020-05-07 13:18:55.669884,Bluetooth,55:25:0e:31:e0:1e,-47,12,1588871935.669884,39
2020-05-07 13:18:55.938933,Bluetooth,55:25:0e:31:e0:1e,-52,12,1588871935.938933,37
2020-05-07 13:18:55.943046,Bluetooth,55:25:0e:31:e0:1e,-48,12,1588871935.943046,38
2020-05-07 13:18:55.946711,Bluetooth,55:25:0e:31:e0:1e,-47,12,1588871935.946711,39
2020-05-07 13:18:56.209508,Bluetooth,55:25:0e:31:e0:1e,-52,12,1588871936.209508,37
2020-05-07 13:18:56.211519,Bluetooth,55:25:0e:31:e0:1e,-49,12,1588871936.211519,38
2020-05-07 13:18:56.213051,Bluetooth,55:25:0e:31:e0:1e,-47,12,1588871936.213051,39
2020-05-07 13:18:56.321496,Bluetooth,e5:77:66:f9:58:66,-53,12,1588871936.321496,37
2020-05-07 13:18:56.326257,Bluetooth,e5:77:66:f9:58:66,-48,12,1588871936.326257,38
2020-05-07 13:18:56.329762,Bluetooth,e5:77:66:f9:58:66,-49,12,1588871936.329762,39
2020-05-07 13:18:57.319538,Bluetooth,55:25:0e:31:e0:1e,-52,12,1588871937.319538,37
2020-05-07 13:18:57.323748,Bluetooth,55:25:0e:31:e0:1e,-49,12,1588871937.323748,38
2020-05-07 13:18:57.327351,Bluetooth,55:25:0e:31:e0:1e,-47,12,1588871937.327351,39
2020-05-07 13:18:57.597483,Bluetooth,55:25:0e:31:e0:1e,-52,12,1588871937.597483,37
2020-05-07 13:18:57.599315,Bluetooth,55:25:0e:31:e0:1e,-49,12,1588871937.599315,38
2020-05-07 13:18:57.601850,Bluetooth,55:25:0e:31:e0:1e,-49,12,1588871937.60185,39
2020-05-07 13:18:57.875575,Bluetooth,55:25:0e:31:e0:1e,-52,12,1588871937.875575,37
2020-05-07 13:18:57.879833,Bluetooth,55:25:0e:31:e0:1e,-48,12,1588871937.879833,38
2020-05-07 13:18:57.881993,Bluetooth,55:25:0e:31:e0:1e,-47,12,1588871937.881993,39
2020-05-07 13:18:58.153524,Bluetooth,55:25:0e:31:e0:1e,-52,12,1588871938.153524,37
2020-05-07 13:18:58.155404,Bluetooth,55:25:0e:31:e0:1e,-48,12,1588871938.155404,38
2020-05-07 13:18:58.158050,Bluetooth,55:25:0e:31:e0:1e,-47,12,1588871938.15805,39
2020-05-07 13:18:58.321304,Bluetooth,e5:77:66:f9:58:66,-52,12,1588871938.321304,37
2020-05-07 13:18:58.326420,Bluetooth,e5:77:66:f9:58:66,-48,12,1588871938.32642,38
2020-05-07 13:18:58.328816,Bluetooth,e5:77:66:f9:58:66,-48,12,1588871938.328816,39
2020-05-07 13:18:58.430565,Bluetooth,55:25:0e:31:e0:1e,-52,12,1588871938.430565,37
2020-05-07 13:18:58.434899,Bluetooth,55:25:0e:31:e0:1e,-48,12,1588871938.434899,38
2020-05-07 13:18:58.437057,Bluetooth,55:25:0e:31:e0:1e,-51,12,1588871938.437057,39
2020-05-07 13:18:58.707390,Bluetooth,55:25:0e:31:e0:1e,-52,12,1588871938.70739,37
2020-05-07 13:18:58.709301,Bluetooth,55:25:0e:31:e0:1e,-48,12,1588871938.709301,38
2020-05-07 13:18:58.710775,Bluetooth,55:25:0e:31:e0:1e,-48,12,1588871938.710775,39
2020-05-07 13:18:58.980933,Bluetooth,55:25:0e:31:e0:1e,-52,12,1588871938.980933,37
2020-05-07 13:18:58.982961,Bluetooth,55:25:0e:31:e0:1e,-48,12,1588871938.982961,38
2020-05-07 13:18:58.984787,Bluetooth,55:25:0e:31:e0:1e,-48,12,1588871938.984787,39
2020-05-07 13:18:59.250569,Bluetooth,55:25:0e:31:e0:1e,-52,12,1588871939.250569,37
2020-05-07 13:18:59.252445,Bluetooth,55:25:0e:31:e0:1e,-48,12,1588871939.252445,38
2020-05-07 13:18:59.253908,Bluetooth,55:25:0e:31:e0:1e,-47,12,1588871939.253908,39
2020-05-07 13:18:59.522694,Bluetooth,55:25:0e:31:e0:1e,-52,12,1588871939.522694,37
2020-05-07 13:18:59.526988,Bluetooth,55:25:0e:31:e0:1e,-48,12,1588871939.526988,38
2020-05-07 13:18:59.530608,Bluetooth,55:25:0e:31:e0:1e,-48,12,1588871939.530608,39
2020-05-07 13:18:59.797491,Bluetooth,55:25:0e:31:e0:1e,-52,12,1588871939.797491,37
2020-05-07 13:18:59.799297,Bluetooth,55:25:0e:31:e0:1e,-49,12,1588871939.799297,38
2020-05-07 13:18:59.800771,Bluetooth,55:25:0e:31:e0:1e,-49,12,1588871939.800771,39
2020-05-07 13:19:00.320228,Bluetooth,e5:77:66:f9:58:66,-52,12,1588871940.320228,37
2020-05-07 13:19:00.322424,Bluetooth,e5:77:66:f9:58:66,-48,12,1588871940.322424,38
2020-05-07 13:19:00.325484,Bluetooth,e5:77:66:f9:58:66,-45,12,1588871940.325484,39
2020-05-07 13:19:00.629629,Bluetooth,55:25:0e:31:e0:1e,-52,12,1588871940.629629,37
2020-05-07 13:19:00.633926,Bluetooth,55:25:0e:31:e0:1e,-51,12,1588871940.633926,38
2020-05-07 13:19:00.637341,Bluetooth,55:25:0e:31:e0:1e,-51,12,1588871940.637341,39
2020-05-07 13:19:00.899639,Bluetooth,55:25:0e:31:e0:1e,-52,12,1588871940.899639,37
2020-05-07 13:19:00.901795,Bluetooth,55:25:0e:31:e0:1e,-49,12,1588871940.901795,38
2020-05-07 13:19:00.903419,Bluetooth,55:25:0e:31:e0:1e,-48,12,1588871940.903419,39
2020-05-07 13:19:01.173585,Bluetooth,55:25:0e:31:e0:1e,-52,12,1588871941.173585,37
2020-05-07 13:19:01.177906,Bluetooth,55:25:0e:31:e0:1e,-49,12,1588871941.177906,38
2020-05-07 13:19:01.181534,Bluetooth,55:25:0e:31:e0:1e,-48,12,1588871941.181534,39
2020-05-07 13:19:01.443783,Bluetooth,55:25:0e:31:e0:1e,-52,12,1588871941.443783,37
2020-05-07 13:19:01.446437,Bluetooth,55:25:0e:31:e0:1e,-48,12,1588871941.446437,38
2020-05-07 13:19:01.448024,Bluetooth,55:25:0e:31:e0:1e,-48,12,1588871941.448024,39
2020-05-07 13:19:01.719534,Bluetooth,55:25:0e:31:e0:1e,-52,12,1588871941.719534,37
2020-05-07 13:19:01.723799,Bluetooth,55:25:0e:31:e0:1e,-49,12,1588871941.723799,38
2020-05-07 13:19:01.727423,Bluetooth,55:25:0e:31:e0:1e,-52,12,1588871941.727423,39
2020-05-07 13:19:01.989488,Bluetooth,55:25:0e:31:e0:1e,-52,12,1588871941.989488,37
2020-05-07 13:19:01.992064,Bluetooth,55:25:0e:31:e0:1e,-48,12,1588871941.992064,38
2020-05-07 13:19:01.993739,Bluetooth,55:25:0e:31:e0:1e,-46,12,1588871941.993739,39
2020-05-07 13:19:02.266517,Bluetooth,55:25:0e:31:e0:1e,-52,12,1588871942.266517,37
2020-05-07 13:19:02.268389,Bluetooth,55:25:0e:31:e0:1e,-48,12,1588871942.268389,38
2020-05-07 13:19:02.269924,Bluetooth,55:25:0e:31:e0:1e,-48,12,1588871942.269924,39
2020-05-07 13:19:02.326505,Bluetooth,e5:77:66:f9:58:66,-48,12,1588871942.326505,37
2020-05-07 13:19:02.331636,Bluetooth,e5:77:66:f9:58:66,-48,12,1588871942.331636,38
2020-05-07 13:19:02.336187,Bluetooth,e5:77:66:f9:58:66,-45,12,1588871942.336187,39
2020-05-07 13:19:02.538624,Bluetooth,55:25:0e:31:e0:1e,-52,12,1588871942.538624,37
2020-05-07 13:19:02.543611,Bluetooth,55:25:0e:31:e0:1e,-48,12,1588871942.543611,38
2020-05-07 13:19:02.547737,Bluetooth,55:25:0e:31:e0:1e,-52,12,1588871942.547737,39
2020-05-07 13:19:02.813917,Bluetooth,55:25:0e:31:e0:1e,-52,12,1588871942.813917,37
2020-05-07 13:19:02.818286,Bluetooth,55:25:0e:31:e0:1e,-49,12,1588871942.818286,38
2020-05-07 13:19:02.821536,Bluetooth,55:25:0e:31:e0:1e,-48,12,1588871942.821536,39
2020-05-07 13:19:03.633924,Bluetooth,55:25:0e:31:e0:1e,-52,12,1588871943.633924,37
2020-05-07 13:19:03.638218,Bluetooth,55:25:0e:31:e0:1e,-48,12,1588871943.638218,38
2020-05-07 13:19:03.641502,Bluetooth,55:25:0e:31:e0:1e,-47,12,1588871943.641502,39
2020-05-07 13:19:03.909943,Bluetooth,55:25:0e:31:e0:1e,-52,12,1588871943.909943,37
2020-05-07 13:19:03.914293,Bluetooth,55:25:0e:31:e0:1e,-48,12,1588871943.914293,38
2020-05-07 13:19:03.918018,Bluetooth,55:25:0e:31:e0:1e,-48,12,1588871943.918018,39
2020-05-07 13:19:04.183749,Bluetooth,55:25:0e:31:e0:1e,-52,12,1588871944.183749,37
2020-05-07 13:19:04.185695,Bluetooth,55:25:0e:31:e0:1e,-48,12,1588871944.185695,38
2020-05-07 13:19:04.187216,Bluetooth,55:25:0e:31:e0:1e,-47,12,1588871944.187216,39
2020-05-07 13:19:04.334215,Bluetooth,e5:77:66:f9:58:66,-56,12,1588871944.334215,37
2020-05-07 13:19:04.339333,Bluetooth,e5:77:66:f9:58:66,-48,12,1588871944.339333,38
2020-05-07 13:19:04.342001,Bluetooth,e5:77:66:f9:58:66,-46,12,1588871944.342001,39
2020-05-07 13:19:04.463884,Bluetooth,55:25:0e:31:e0:1e,-52,12,1588871944.463884,37
2020-05-07 13:19:04.468385,Bluetooth,55:25:0e:31:e0:1e,-48,12,1588871944.468385,38
2020-05-07 13:19:04.470310,Bluetooth,55:25:0e:31:e0:1e,-49,12,1588871944.47031,39
2020-05-07 13:19:04.737824,Bluetooth,55:25:0e:31:e0:1e,-52,12,1588871944.737824,37
2020-05-07 13:19:04.739904,Bluetooth,55:25:0e:31:e0:1e,-48,12,1588871944.739904,38
2020-05-07 13:19:04.743038,Bluetooth,55:25:0e:31:e0:1e,-47,12,1588871944.743038,39
2020-05-07 13:19:05.015846,Bluetooth,55:25:0e:31:e0:1e,-52,12,1588871945.015846,37
2020-05-07 13:19:05.020293,Bluetooth,55:25:0e:31:e0:1e,-48,12,1588871945.020293,38
2020-05-07 13:19:05.024081,Bluetooth,55:25:0e:31:e0:1e,-51,12,1588871945.024081,39
2020-05-07 13:19:05.286005,Bluetooth,55:25:0e:31:e0:1e,-52,12,1588871945.286005,37
2020-05-07 13:19:05.288818,Bluetooth,55:25:0e:31:e0:1e,-48,12,1588871945.288818,38
2020-05-07 13:19:05.290369,Bluetooth,55:25:0e:31:e0:1e,-48,12,1588871945.290369,39
2020-05-07 13:19:05.565140,Bluetooth,55:25:0e:31:e0:1e,-52,12,1588871945.56514,37
2020-05-07 13:19:05.569547,Bluetooth,55:25:0e:31:e0:1e,-49,12,1588871945.569547,38
2020-05-07 13:19:05.573235,Bluetooth,55:25:0e:31:e0:1e,-47,12,1588871945.573235,39
2020-05-07 13:19:05.841829,Bluetooth,55:25:0e:31:e0:1e,-52,12,1588871945.841829,37
2020-05-07 13:19:05.843695,Bluetooth,55:25:0e:31:e0:1e,-49,12,1588871945.843695,38
2020-05-07 13:19:05.845189,Bluetooth,55:25:0e:31:e0:1e,-51,12,1588871945.845189,39
2020-05-07 13:19:06.117973,Bluetooth,55:25:0e:31:e0:1e,-52,12,1588871946.117973,37
2020-05-07 13:19:06.122074,Bluetooth,55:25:0e:31:e0:1e,-49,12,1588871946.122074,38
2020-05-07 13:19:06.125688,Bluetooth,55:25:0e:31:e0:1e,-49,12,1588871946.125688,39
2020-05-07 13:19:07.217936,Bluetooth,55:25:0e:31:e0:1e,-52,12,1588871947.217936,37
2020-05-07 13:19:07.222207,Bluetooth,55:25:0e:31:e0:1e,-48,12,1588871947.222207,38
2020-05-07 13:19:07.225469,Bluetooth,55:25:0e:31:e0:1e,-49,12,1588871947.225469,39
2020-05-07 13:19:07.488219,Bluetooth,55:25:0e:31:e0:1e,-52,12,1588871947.488219,37
2020-05-07 13:19:07.490278,Bluetooth,55:25:0e:31:e0:1e,-48,12,1588871947.490278,38
2020-05-07 13:19:07.491749,Bluetooth,55:25:0e:31:e0:1e,-44,12,1588871947.491749,39
2020-05-07 13:19:07.769764,Bluetooth,55:25:0e:31:e0:1e,-51,12,1588871947.769764,37
2020-05-07 13:19:07.774415,Bluetooth,55:25:0e:31:e0:1e,-48,12,1588871947.774415,38
2020-05-07 13:19:07.778175,Bluetooth,55:25:0e:31:e0:1e,-47,12,1588871947.778175,39
2020-05-07 13:19:08.040363,Bluetooth,55:25:0e:31:e0:1e,-52,12,1588871948.040363,37
2020-05-07 13:19:08.042388,Bluetooth,55:25:0e:31:e0:1e,-49,12,1588871948.042388,38
2020-05-07 13:19:08.043900,Bluetooth,55:25:0e:31:e0:1e,-48,12,1588871948.0439,39
2020-05-07 13:19:08.319765,Bluetooth,55:25:0e:31:e0:1e,-52,12,1588871948.319765,37
2020-05-07 13:19:08.324077,Bluetooth,55:25:0e:31:e0:1e,-49,12,1588871948.324077,38
2020-05-07 13:19:08.327714,Bluetooth,55:25:0e:31:e0:1e,-48,12,1588871948.327714,39
2020-05-07 13:19:08.348072,Bluetooth,e5:77:66:f9:58:66,-52,12,1588871948.348072,37
2020-05-07 13:19:08.353453,Bluetooth,e5:77:66:f9:58:66,-48,12,1588871948.353453,38
2020-05-07 13:19:08.357551,Bluetooth,e5:77:66:f9:58:66,-47,12,1588871948.357551,39
2020-05-07 13:19:08.589703,Bluetooth,55:25:0e:31:e0:1e,-50,12,1588871948.589703,37
2020-05-07 13:19:08.594618,Bluetooth,55:25:0e:31:e0:1e,-48,12,1588871948.594618,38
2020-05-07 13:19:08.597755,Bluetooth,55:25:0e:31:e0:1e,-47,12,1588871948.597755,39
2020-05-07 13:19:08.862775,Bluetooth,55:25:0e:31:e0:1e,-52,12,1588871948.862775,37
2020-05-07 13:19:08.867136,Bluetooth,55:25:0e:31:e0:1e,-48,12,1588871948.867136,38
2020-05-07 13:19:08.869280,Bluetooth,55:25:0e:31:e0:1e,-46,12,1588871948.86928,39
2020-05-07 13:19:09.135642,Bluetooth,55:25:0e:31:e0:1e,-52,12,1588871949.135642,37
2020-05-07 13:19:09.137515,Bluetooth,55:25:0e:31:e0:1e,-48,12,1588871949.137515,38
2020-05-07 13:19:09.139225,Bluetooth,55:25:0e:31:e0:1e,-47,12,1588871949.139225,39
2020-05-07 13:19:09.409721,Bluetooth,55:25:0e:31:e0:1e,-52,12,1588871949.409721,37
2020-05-07 13:19:09.414050,Bluetooth,55:25:0e:31:e0:1e,-49,12,1588871949.41405,38
2020-05-07 13:19:09.417665,Bluetooth,55:25:0e:31:e0:1e,-46,12,1588871949.417665,39
2020-05-07 13:19:10.228900,Bluetooth,55:25:0e:31:e0:1e,-52,12,1588871950.2289,37
2020-05-07 13:19:10.234005,Bluetooth,55:25:0e:31:e0:1e,-48,12,1588871950.234005,38
2020-05-07 13:19:10.237384,Bluetooth,55:25:0e:31:e0:1e,-49,12,1588871950.237384,39
2020-05-07 13:19:10.355348,Bluetooth,e5:77:66:f9:58:66,-52,12,1588871950.355348,37
2020-05-07 13:19:10.360336,Bluetooth,e5:77:66:f9:58:66,-48,12,1588871950.360336,38
2020-05-07 13:19:10.364821,Bluetooth,e5:77:66:f9:58:66,-45,12,1588871950.364821,39
2020-05-07 13:19:10.507748,Bluetooth,55:25:0e:31:e0:1e,-52,12,1588871950.507748,37
2020-05-07 13:19:10.512036,Bluetooth,55:25:0e:31:e0:1e,-48,12,1588871950.512036,38
2020-05-07 13:19:10.515619,Bluetooth,55:25:0e:31:e0:1e,-44,12,1588871950.515619,39
2020-05-07 13:19:10.785695,Bluetooth,55:25:0e:31:e0:1e,-50,12,1588871950.785695,37
2020-05-07 13:19:10.787623,Bluetooth,55:25:0e:31:e0:1e,-48,12,1588871950.787623,38
2020-05-07 13:19:10.789120,Bluetooth,55:25:0e:31:e0:1e,-47,12,1588871950.78912,39
2020-05-07 13:19:11.067803,Bluetooth,55:25:0e:31:e0:1e,-52,12,1588871951.067803,37
2020-05-07 13:19:11.072015,Bluetooth,55:25:0e:31:e0:1e,-48,12,1588871951.072015,38
2020-05-07 13:19:11.075582,Bluetooth,55:25:0e:31:e0:1e,-51,12,1588871951.075582,39
2020-05-07 13:19:11.345721,Bluetooth,55:25:0e:31:e0:1e,-50,12,1588871951.345721,37
2020-05-07 13:19:11.347549,Bluetooth,55:25:0e:31:e0:1e,-48,12,1588871951.347549,38
2020-05-07 13:19:11.350081,Bluetooth,55:25:0e:31:e0:1e,-48,12,1588871951.350081,39
2020-05-07 13:19:11.627795,Bluetooth,55:25:0e:31:e0:1e,-52,12,1588871951.627795,37
2020-05-07 13:19:11.631978,Bluetooth,55:25:0e:31:e0:1e,-48,12,1588871951.631978,38
2020-05-07 13:19:11.635605,Bluetooth,55:25:0e:31:e0:1e,-46,12,1588871951.635605,39
2020-05-07 13:19:11.901597,Bluetooth,55:25:0e:31:e0:1e,-52,12,1588871951.901597,37
2020-05-07 13:19:11.904774,Bluetooth,55:25:0e:31:e0:1e,-49,12,1588871951.904774,38
2020-05-07 13:19:11.906497,Bluetooth,55:25:0e:31:e0:1e,-46,12,1588871951.906497,39
2020-05-07 13:19:12.180310,Bluetooth,55:25:0e:31:e0:1e,-52,12,1588871952.18031,37
2020-05-07 13:19:12.184674,Bluetooth,55:25:0e:31:e0:1e,-47,12,1588871952.184674,38
2020-05-07 13:19:12.188448,Bluetooth,55:25:0e:31:e0:1e,-46,12,1588871952.188448,39
2020-05-07 13:19:12.454096,Bluetooth,55:25:0e:31:e0:1e,-52,12,1588871952.454096,37
2020-05-07 13:19:12.455981,Bluetooth,55:25:0e:31:e0:1e,-48,12,1588871952.455981,38
2020-05-07 13:19:12.457483,Bluetooth,55:25:0e:31:e0:1e,-48,12,1588871952.457483,39
2020-05-07 13:19:12.734325,Bluetooth,55:25:0e:31:e0:1e,-52,12,1588871952.734325,37
2020-05-07 13:19:12.740325,Bluetooth,55:25:0e:31:e0:1e,-48,12,1588871952.740325,38
2020-05-07 13:19:12.742029,Bluetooth,55:25:0e:31:e0:1e,-49,12,1588871952.742029,39
2020-05-07 13:19:13.007966,Bluetooth,55:25:0e:31:e0:1e,-52,12,1588871953.007966,37
2020-05-07 13:19:13.009870,Bluetooth,55:25:0e:31:e0:1e,-50,12,1588871953.00987,38
2020-05-07 13:19:13.011353,Bluetooth,55:25:0e:31:e0:1e,-49,12,1588871953.011353,39
2020-05-07 13:19:14.120335,Bluetooth,55:25:0e:31:e0:1e,-52,12,1588871954.120335,37
2020-05-07 13:19:14.124720,Bluetooth,55:25:0e:31:e0:1e,-48,12,1588871954.12472,38
2020-05-07 13:19:14.128553,Bluetooth,55:25:0e:31:e0:1e,-47,12,1588871954.128553,39
2020-05-07 13:19:14.369902,Bluetooth,e5:77:66:f9:58:66,-52,12,1588871954.369902,37
2020-05-07 13:19:14.375535,Bluetooth,e5:77:66:f9:58:66,-48,12,1588871954.375535,38
2020-05-07 13:19:14.380224,Bluetooth,e5:77:66:f9:58:66,-45,12,1588871954.380224,39
2020-05-07 13:19:14.397758,Bluetooth,55:25:0e:31:e0:1e,-52,12,1588871954.397758,37
2020-05-07 13:19:14.402251,Bluetooth,55:25:0e:31:e0:1e,-48,12,1588871954.402251,38
2020-05-07 13:19:14.404770,Bluetooth,55:25:0e:31:e0:1e,-49,12,1588871954.40477,39
2020-05-07 13:19:14.675848,Bluetooth,55:25:0e:31:e0:1e,-52,12,1588871954.675848,37
2020-05-07 13:19:14.677910,Bluetooth,55:25:0e:31:e0:1e,-48,12,1588871954.67791,38
2020-05-07 13:19:14.679615,Bluetooth,55:25:0e:31:e0:1e,-46,12,1588871954.679615,39
2020-05-07 13:19:14.947857,Bluetooth,55:25:0e:31:e0:1e,-52,12,1588871954.947857,37
2020-05-07 13:19:14.952043,Bluetooth,55:25:0e:31:e0:1e,-49,12,1588871954.952043,38
2020-05-07 13:19:14.955652,Bluetooth,55:25:0e:31:e0:1e,-48,12,1588871954.955652,39
2020-05-07 13:19:15.221121,Bluetooth,55:25:0e:31:e0:1e,-52,12,1588871955.221121,37
2020-05-07 13:19:15.222923,Bluetooth,55:25:0e:31:e0:1e,-48,12,1588871955.222923,38
2020-05-07 13:19:15.224392,Bluetooth,55:25:0e:31:e0:1e,-48,12,1588871955.224392,39
2020-05-07 13:19:15.494872,Bluetooth,55:25:0e:31:e0:1e,-52,12,1588871955.494872,37
2020-05-07 13:19:15.499168,Bluetooth,55:25:0e:31:e0:1e,-49,12,1588871955.499168,38
2020-05-07 13:19:15.501321,Bluetooth,55:25:0e:31:e0:1e,-46,12,1588871955.501321,39
2020-05-07 13:19:15.772789,Bluetooth,55:25:0e:31:e0:1e,-52,12,1588871955.772789,37
2020-05-07 13:19:15.779703,Bluetooth,55:25:0e:31:e0:1e,-48,12,1588871955.779703,38
2020-05-07 13:19:15.783437,Bluetooth,55:25:0e:31:e0:1e,-48,12,1588871955.783437,39
2020-05-07 13:19:16.045892,Bluetooth,55:25:0e:31:e0:1e,-52,12,1588871956.045892,37
2020-05-07 13:19:16.050171,Bluetooth,55:25:0e:31:e0:1e,-48,12,1588871956.050171,38
2020-05-07 13:19:16.053485,Bluetooth,55:25:0e:31:e0:1e,-47,12,1588871956.053485,39
2020-05-07 13:19:16.321779,Bluetooth,55:25:0e:31:e0:1e,-48,12,1588871956.321779,37
2020-05-07 13:19:16.323589,Bluetooth,55:25:0e:31:e0:1e,-48,12,1588871956.323589,38
2020-05-07 13:19:16.325068,Bluetooth,55:25:0e:31:e0:1e,-48,12,1588871956.325068,39
2020-05-07 13:19:16.377703,Bluetooth,e5:77:66:f9:58:66,-52,12,1588871956.377703,37
2020-05-07 13:19:16.382695,Bluetooth,e5:77:66:f9:58:66,-48,12,1588871956.382695,38
2020-05-07 13:19:16.385991,Bluetooth,e5:77:66:f9:58:66,-46,12,1588871956.385991,39
2020-05-07 13:19:16.598918,Bluetooth,55:25:0e:31:e0:1e,-52,12,1588871956.598918,37
2020-05-07 13:19:16.600856,Bluetooth,55:25:0e:31:e0:1e,-48,12,1588871956.600856,38
2020-05-07 13:19:16.602410,Bluetooth,55:25:0e:31:e0:1e,-52,12,1588871956.60241,39
2020-05-07 13:19:17.420937,Bluetooth,55:25:0e:31:e0:1e,-53,12,1588871957.420937,37
2020-05-07 13:19:17.425523,Bluetooth,55:25:0e:31:e0:1e,-48,12,1588871957.425523,38
2020-05-07 13:19:17.429252,Bluetooth,55:25:0e:31:e0:1e,-47,12,1588871957.429252,39
2020-05-07 13:19:17.692953,Bluetooth,55:25:0e:31:e0:1e,-52,12,1588871957.692953,37
2020-05-07 13:19:17.697537,Bluetooth,55:25:0e:31:e0:1e,-49,12,1588871957.697537,38
2020-05-07 13:19:17.701284,Bluetooth,55:25:0e:31:e0:1e,-48,12,1588871957.701284,39
2020-05-07 13:19:17.968967,Bluetooth,55:25:0e:31:e0:1e,-52,12,1588871957.968967,37
2020-05-07 13:19:17.971230,Bluetooth,55:25:0e:31:e0:1e,-48,12,1588871957.97123,38
2020-05-07 13:19:17.972726,Bluetooth,55:25:0e:31:e0:1e,-44,12,1588871957.972726,39
2020-05-07 13:19:18.250963,Bluetooth,55:25:0e:31:e0:1e,-52,12,1588871958.250963,37
2020-05-07 13:19:18.255368,Bluetooth,55:25:0e:31:e0:1e,-48,12,1588871958.255368,38
2020-05-07 13:19:18.257056,Bluetooth,55:25:0e:31:e0:1e,-48,12,1588871958.257056,39
2020-05-07 13:19:18.523941,Bluetooth,55:25:0e:31:e0:1e,-52,12,1588871958.523941,37
2020-05-07 13:19:18.525851,Bluetooth,55:25:0e:31:e0:1e,-48,12,1588871958.525851,38
2020-05-07 13:19:18.527326,Bluetooth,55:25:0e:31:e0:1e,-47,12,1588871958.527326,39
2020-05-07 13:19:18.795880,Bluetooth,55:25:0e:31:e0:1e,-52,12,1588871958.79588,37
2020-05-07 13:19:18.800054,Bluetooth,55:25:0e:31:e0:1e,-48,12,1588871958.800054,38
2020-05-07 13:19:18.803653,Bluetooth,55:25:0e:31:e0:1e,-47,12,1588871958.803653,39
2020-05-07 13:19:19.068050,Bluetooth,55:25:0e:31:e0:1e,-52,12,1588871959.06805,37
2020-05-07 13:19:19.070771,Bluetooth,55:25:0e:31:e0:1e,-49,12,1588871959.070771,38
2020-05-07 13:19:19.072421,Bluetooth,55:25:0e:31:e0:1e,-47,12,1588871959.072421,39
2020-05-07 13:19:19.338165,Bluetooth,55:25:0e:31:e0:1e,-52,12,1588871959.338165,37
2020-05-07 13:19:19.342648,Bluetooth,55:25:0e:31:e0:1e,-49,12,1588871959.342648,38
2020-05-07 13:19:19.345683,Bluetooth,55:25:0e:31:e0:1e,-49,12,1588871959.345683,39
2020-05-07 13:19:19.609216,Bluetooth,55:25:0e:31:e0:1e,-50,12,1588871959.609216,37
2020-05-07 13:19:19.611306,Bluetooth,55:25:0e:31:e0:1e,-48,12,1588871959.611306,38
2020-05-07 13:19:19.612859,Bluetooth,55:25:0e:31:e0:1e,-52,12,1588871959.612859,39
2020-05-07 13:19:20.389836,Bluetooth,e5:77:66:f9:58:66,-49,12,1588871960.389836,37
2020-05-07 13:19:20.395249,Bluetooth,e5:77:66:f9:58:66,-48,12,1588871960.395249,38
2020-05-07 13:19:20.398270,Bluetooth,e5:77:66:f9:58:66,-46,12,1588871960.39827,39
2020-05-07 13:19:20.713015,Bluetooth,55:25:0e:31:e0:1e,-52,12,1588871960.713015,37
2020-05-07 13:19:20.715021,Bluetooth,55:25:0e:31:e0:1e,-49,12,1588871960.715021,38
2020-05-07 13:19:20.716876,Bluetooth,55:25:0e:31:e0:1e,-48,12,1588871960.716876,39
2020-05-07 13:19:20.994227,Bluetooth,55:25:0e:31:e0:1e,-52,12,1588871960.994227,37
2020-05-07 13:19:21.002604,Bluetooth,55:25:0e:31:e0:1e,-48,12,1588871961.002604,38
2020-05-07 13:19:21.006353,Bluetooth,55:25:0e:31:e0:1e,-47,12,1588871961.006353,39
2020-05-07 13:19:21.269261,Bluetooth,55:25:0e:31:e0:1e,-52,12,1588871961.269261,37
2020-05-07 13:19:21.271245,Bluetooth,55:25:0e:31:e0:1e,-48,12,1588871961.271245,38
2020-05-07 13:19:21.272760,Bluetooth,55:25:0e:31:e0:1e,-48,12,1588871961.27276,39
2020-05-07 13:19:21.539276,Bluetooth,55:25:0e:31:e0:1e,-52,12,1588871961.539276,37
2020-05-07 13:19:21.543640,Bluetooth,55:25:0e:31:e0:1e,-49,12,1588871961.54364,38
2020-05-07 13:19:21.547417,Bluetooth,55:25:0e:31:e0:1e,-47,12,1588871961.547417,39
2020-05-07 13:19:21.809685,Bluetooth,55:25:0e:31:e0:1e,-52,12,1588871961.809685,37
2020-05-07 13:19:21.811825,Bluetooth,55:25:0e:31:e0:1e,-48,12,1588871961.811825,38
2020-05-07 13:19:21.813388,Bluetooth,55:25:0e:31:e0:1e,-47,12,1588871961.813388,39
2020-05-07 13:19:22.081263,Bluetooth,55:25:0e:31:e0:1e,-52,12,1588871962.081263,37
2020-05-07 13:19:22.085508,Bluetooth,55:25:0e:31:e0:1e,-48,12,1588871962.085508,38
2020-05-07 13:19:22.089203,Bluetooth,55:25:0e:31:e0:1e,-52,12,1588871962.089203,39
2020-05-07 13:19:22.357100,Bluetooth,55:25:0e:31:e0:1e,-52,12,1588871962.3571,37
2020-05-07 13:19:22.358933,Bluetooth,55:25:0e:31:e0:1e,-48,12,1588871962.358933,38
2020-05-07 13:19:22.360463,Bluetooth,55:25:0e:31:e0:1e,-49,12,1588871962.360463,39
2020-05-07 13:19:22.392910,Bluetooth,e5:77:66:f9:58:66,-52,12,1588871962.39291,37
2020-05-07 13:19:22.397958,Bluetooth,e5:77:66:f9:58:66,-48,12,1588871962.397958,38
2020-05-07 13:19:22.401698,Bluetooth,e5:77:66:f9:58:66,-48,12,1588871962.401698,39
2020-05-07 13:19:22.636775,Bluetooth,55:25:0e:31:e0:1e,-52,12,1588871962.636775,37
2020-05-07 13:19:22.638978,Bluetooth,55:25:0e:31:e0:1e,-49,12,1588871962.638978,38
2020-05-07 13:19:22.640841,Bluetooth,55:25:0e:31:e0:1e,-48,12,1588871962.640841,39
2020-05-07 13:19:22.909405,Bluetooth,55:25:0e:31:e0:1e,-52,12,1588871962.909405,37
2020-05-07 13:19:22.911121,Bluetooth,55:25:0e:31:e0:1e,-48,12,1588871962.911121,38
2020-05-07 13:19:22.912691,Bluetooth,55:25:0e:31:e0:1e,-49,12,1588871962.912691,39
2020-05-07 13:19:23.461998,Bluetooth,55:25:0e:31:e0:1e,-52,12,1588871963.461998,37
2020-05-07 13:19:23.463814,Bluetooth,55:25:0e:31:e0:1e,-48,12,1588871963.463814,38
2020-05-07 13:19:23.465372,Bluetooth,55:25:0e:31:e0:1e,-51,12,1588871963.465372,39
2020-05-07 13:19:24.008171,Bluetooth,55:25:0e:31:e0:1e,-52,12,1588871964.008171,37
2020-05-07 13:19:24.010338,Bluetooth,55:25:0e:31:e0:1e,-49,12,1588871964.010338,38
2020-05-07 13:19:24.012035,Bluetooth,55:25:0e:31:e0:1e,-49,12,1588871964.012035,39
2020-05-07 13:19:24.281560,Bluetooth,55:25:0e:31:e0:1e,-52,12,1588871964.28156,37
2020-05-07 13:19:24.286098,Bluetooth,55:25:0e:31:e0:1e,-49,12,1588871964.286098,38
2020-05-07 13:19:24.288314,Bluetooth,55:25:0e:31:e0:1e,-51,12,1588871964.288314,39
2020-05-07 13:19:24.397507,Bluetooth,e5:77:66:f9:58:66,-52,12,1588871964.397507,37
2020-05-07 13:19:24.402757,Bluetooth,e5:77:66:f9:58:66,-48,12,1588871964.402757,38
2020-05-07 13:19:24.407273,Bluetooth,e5:77:66:f9:58:66,-45,12,1588871964.407273,39
2020-05-07 13:19:24.551553,Bluetooth,55:25:0e:31:e0:1e,-52,12,1588871964.551553,37
2020-05-07 13:19:24.556138,Bluetooth,55:25:0e:31:e0:1e,-49,12,1588871964.556138,38
2020-05-07 13:19:24.560185,Bluetooth,55:25:0e:31:e0:1e,-47,12,1588871964.560185,39
2020-05-07 13:19:24.827294,Bluetooth,55:25:0e:31:e0:1e,-52,12,1588871964.827294,37
2020-05-07 13:19:24.831390,Bluetooth,55:25:0e:31:e0:1e,-49,12,1588871964.83139,38
2020-05-07 13:19:24.835064,Bluetooth,55:25:0e:31:e0:1e,-47,12,1588871964.835064,39
2020-05-07 13:19:25.097433,Bluetooth,55:25:0e:31:e0:1e,-52,12,1588871965.097433,37
2020-05-07 13:19:25.099325,Bluetooth,55:25:0e:31:e0:1e,-48,12,1588871965.099325,38
2020-05-07 13:19:25.100905,Bluetooth,55:25:0e:31:e0:1e,-49,12,1588871965.100905,39
2020-05-07 13:19:25.367931,Bluetooth,55:25:0e:31:e0:1e,-52,12,1588871965.367931,37
2020-05-07 13:19:25.369784,Bluetooth,55:25:0e:31:e0:1e,-49,12,1588871965.369784,38
2020-05-07 13:19:25.372315,Bluetooth,55:25:0e:31:e0:1e,-48,12,1588871965.372315,39
2020-05-07 13:19:25.638014,Bluetooth,55:25:0e:31:e0:1e,-52,12,1588871965.638014,37
2020-05-07 13:19:25.640312,Bluetooth,55:25:0e:31:e0:1e,-52,12,1588871965.640312,38
2020-05-07 13:19:25.641785,Bluetooth,55:25:0e:31:e0:1e,-47,12,1588871965.641785,39
2020-05-07 13:19:25.911080,Bluetooth,55:25:0e:31:e0:1e,-52,12,1588871965.91108,37
2020-05-07 13:19:25.915539,Bluetooth,55:25:0e:31:e0:1e,-49,12,1588871965.915539,38
2020-05-07 13:19:25.919424,Bluetooth,55:25:0e:31:e0:1e,-48,12,1588871965.919424,39
2020-05-07 13:19:26.397814,Bluetooth,e5:77:66:f9:58:66,-52,12,1588871966.397814,37
2020-05-07 13:19:26.401211,Bluetooth,e5:77:66:f9:58:66,-48,12,1588871966.401211,38
2020-05-07 13:19:26.403081,Bluetooth,e5:77:66:f9:58:66,-48,12,1588871966.403081,39
2020-05-07 13:19:26.734122,Bluetooth,55:25:0e:31:e0:1e,-52,12,1588871966.734122,37
2020-05-07 13:19:26.738790,Bluetooth,55:25:0e:31:e0:1e,-48,12,1588871966.73879,38
2020-05-07 13:19:26.742750,Bluetooth,55:25:0e:31:e0:1e,-47,12,1588871966.74275,39
2020-05-07 13:19:27.006067,Bluetooth,55:25:0e:31:e0:1e,-52,12,1588871967.006067,37
2020-05-07 13:19:27.010380,Bluetooth,55:25:0e:31:e0:1e,-49,12,1588871967.01038,38
2020-05-07 13:19:27.013965,Bluetooth,55:25:0e:31:e0:1e,-49,12,1588871967.013965,39
2020-05-07 13:19:27.280185,Bluetooth,55:25:0e:31:e0:1e,-50,12,1588871967.280185,37
2020-05-07 13:19:27.282026,Bluetooth,55:25:0e:31:e0:1e,-49,12,1588871967.282026,38
2020-05-07 13:19:27.283492,Bluetooth,55:25:0e:31:e0:1e,-49,12,1588871967.283492,39
2020-05-07 13:19:27.557043,Bluetooth,55:25:0e:31:e0:1e,-52,12,1588871967.557043,37
2020-05-07 13:19:27.558899,Bluetooth,55:25:0e:31:e0:1e,-48,12,1588871967.558899,38
2020-05-07 13:19:27.560457,Bluetooth,55:25:0e:31:e0:1e,-52,12,1588871967.560457,39
2020-05-07 13:19:27.827055,Bluetooth,55:25:0e:31:e0:1e,-52,12,1588871967.827055,37
2020-05-07 13:19:27.828926,Bluetooth,55:25:0e:31:e0:1e,-48,12,1588871967.828926,38
2020-05-07 13:19:27.830386,Bluetooth,55:25:0e:31:e0:1e,-49,12,1588871967.830386,39
2020-05-07 13:19:28.099104,Bluetooth,55:25:0e:31:e0:1e,-52,12,1588871968.099104,37
2020-05-07 13:19:28.103401,Bluetooth,55:25:0e:31:e0:1e,-48,12,1588871968.103401,38
2020-05-07 13:19:28.107066,Bluetooth,55:25:0e:31:e0:1e,-52,12,1588871968.107066,39
2020-05-07 13:19:28.373979,Bluetooth,55:25:0e:31:e0:1e,-52,12,1588871968.373979,37
2020-05-07 13:19:28.375831,Bluetooth,55:25:0e:31:e0:1e,-49,12,1588871968.375831,38
2020-05-07 13:19:28.377326,Bluetooth,55:25:0e:31:e0:1e,-48,12,1588871968.377326,39
2020-05-07 13:19:28.402007,Bluetooth,e5:77:66:f9:58:66,-53,12,1588871968.402007,37
2020-05-07 13:19:28.405094,Bluetooth,e5:77:66:f9:58:66,-48,12,1588871968.405094,38
2020-05-07 13:19:28.407091,Bluetooth,e5:77:66:f9:58:66,-49,12,1588871968.407091,39
2020-05-07 13:19:28.650224,Bluetooth,55:25:0e:31:e0:1e,-52,12,1588871968.650224,37
2020-05-07 13:19:28.652048,Bluetooth,55:25:0e:31:e0:1e,-48,12,1588871968.652048,38
2020-05-07 13:19:28.653563,Bluetooth,55:25:0e:31:e0:1e,-48,12,1588871968.653563,39
2020-05-07 13:19:28.923052,Bluetooth,55:25:0e:31:e0:1e,-52,12,1588871968.923052,37
2020-05-07 13:19:28.926536,Bluetooth,55:25:0e:31:e0:1e,-48,12,1588871968.926536,38
2020-05-07 13:19:28.930170,Bluetooth,55:25:0e:31:e0:1e,-45,12,1588871968.93017,39
2020-05-07 13:19:29.202067,Bluetooth,55:25:0e:31:e0:1e,-52,12,1588871969.202067,37
2020-05-07 13:19:29.204091,Bluetooth,55:25:0e:31:e0:1e,-48,12,1588871969.204091,38
2020-05-07 13:19:29.205760,Bluetooth,55:25:0e:31:e0:1e,-48,12,1588871969.20576,39
2020-05-07 13:19:30.026173,Bluetooth,55:25:0e:31:e0:1e,-52,12,1588871970.026173,37
2020-05-07 13:19:30.030456,Bluetooth,55:25:0e:31:e0:1e,-48,12,1588871970.030456,38
2020-05-07 13:19:30.034068,Bluetooth,55:25:0e:31:e0:1e,-48,12,1588871970.034068,39
2020-05-07 13:19:30.303910,Bluetooth,55:25:0e:31:e0:1e,-52,12,1588871970.30391,37
2020-05-07 13:19:30.308015,Bluetooth,55:25:0e:31:e0:1e,-49,12,1588871970.308015,38
2020-05-07 13:19:30.311656,Bluetooth,55:25:0e:31:e0:1e,-48,12,1588871970.311656,39
2020-05-07 13:19:30.405875,Bluetooth,e5:77:66:f9:58:66,-52,12,1588871970.405875,37
2020-05-07 13:19:30.410904,Bluetooth,e5:77:66:f9:58:66,-48,12,1588871970.410904,38
2020-05-07 13:19:30.415282,Bluetooth,e5:77:66:f9:58:66,-45,12,1588871970.415282,39
2020-05-07 13:19:30.574289,Bluetooth,55:25:0e:31:e0:1e,-49,12,1588871970.574289,37
2020-05-07 13:19:30.579611,Bluetooth,55:25:0e:31:e0:1e,-48,12,1588871970.579611,38
2020-05-07 13:19:30.583189,Bluetooth,55:25:0e:31:e0:1e,-48,12,1588871970.583189,39
2020-05-07 13:19:30.849330,Bluetooth,55:25:0e:31:e0:1e,-52,12,1588871970.84933,37
2020-05-07 13:19:30.853672,Bluetooth,55:25:0e:31:e0:1e,-48,12,1588871970.853672,38
2020-05-07 13:19:30.857285,Bluetooth,55:25:0e:31:e0:1e,-44,12,1588871970.857285,39
2020-05-07 13:19:31.122447,Bluetooth,55:25:0e:31:e0:1e,-52,12,1588871971.122447,37
2020-05-07 13:19:31.124469,Bluetooth,55:25:0e:31:e0:1e,-48,12,1588871971.124469,38
2020-05-07 13:19:31.126032,Bluetooth,55:25:0e:31:e0:1e,-48,12,1588871971.126032,39
2020-05-07 13:19:31.401662,Bluetooth,55:25:0e:31:e0:1e,-52,12,1588871971.401662,37
2020-05-07 13:19:31.406127,Bluetooth,55:25:0e:31:e0:1e,-49,12,1588871971.406127,38
2020-05-07 13:19:31.409916,Bluetooth,55:25:0e:31:e0:1e,-48,12,1588871971.409916,39
2020-05-07 13:19:31.679458,Bluetooth,55:25:0e:31:e0:1e,-52,12,1588871971.679458,37
2020-05-07 13:19:31.683775,Bluetooth,55:25:0e:31:e0:1e,-49,12,1588871971.683775,38
2020-05-07 13:19:31.687583,Bluetooth,55:25:0e:31:e0:1e,-49,12,1588871971.687583,39
2020-05-07 13:19:31.953170,Bluetooth,55:25:0e:31:e0:1e,-52,12,1588871971.95317,37
2020-05-07 13:19:31.955187,Bluetooth,55:25:0e:31:e0:1e,-48,12,1588871971.955187,38
2020-05-07 13:19:31.956813,Bluetooth,55:25:0e:31:e0:1e,-48,12,1588871971.956813,39
2020-05-07 13:19:32.224071,Bluetooth,55:25:0e:31:e0:1e,-52,12,1588871972.224071,37
2020-05-07 13:19:32.225882,Bluetooth,55:25:0e:31:e0:1e,-48,12,1588871972.225882,38
2020-05-07 13:19:32.227311,Bluetooth,55:25:0e:31:e0:1e,-47,12,1588871972.227311,39
2020-05-07 13:19:32.406980,Bluetooth,e5:77:66:f9:58:66,-56,12,1588871972.40698,37
2020-05-07 13:19:32.411016,Bluetooth,e5:77:66:f9:58:66,-48,12,1588871972.411016,38
2020-05-07 13:19:32.412974,Bluetooth,e5:77:66:f9:58:66,-45,12,1588871972.412974,39
2020-05-07 13:19:32.504184,Bluetooth,55:25:0e:31:e0:1e,-52,12,1588871972.504184,37
2020-05-07 13:19:32.508514,Bluetooth,55:25:0e:31:e0:1e,-48,12,1588871972.508514,38
2020-05-07 13:19:32.512073,Bluetooth,55:25:0e:31:e0:1e,-48,12,1588871972.512073,39
2020-05-07 13:19:33.320090,Bluetooth,55:25:0e:31:e0:1e,-52,12,1588871973.32009,37
2020-05-07 13:19:33.324485,Bluetooth,55:25:0e:31:e0:1e,-48,12,1588871973.324485,38
2020-05-07 13:19:33.327604,Bluetooth,55:25:0e:31:e0:1e,-46,12,1588871973.327604,39
2020-05-07 13:19:33.596079,Bluetooth,55:25:0e:31:e0:1e,-52,12,1588871973.596079,37
2020-05-07 13:19:33.600819,Bluetooth,55:25:0e:31:e0:1e,-48,12,1588871973.600819,38
2020-05-07 13:19:33.604669,Bluetooth,55:25:0e:31:e0:1e,-47,12,1588871973.604669,39
2020-05-07 13:19:33.870506,Bluetooth,55:25:0e:31:e0:1e,-52,12,1588871973.870506,37
2020-05-07 13:19:33.872558,Bluetooth,55:25:0e:31:e0:1e,-48,12,1588871973.872558,38
2020-05-07 13:19:33.874125,Bluetooth,55:25:0e:31:e0:1e,-44,12,1588871973.874125,39
2020-05-07 13:19:34.144213,Bluetooth,55:25:0e:31:e0:1e,-52,12,1588871974.144213,37
2020-05-07 13:19:34.148886,Bluetooth,55:25:0e:31:e0:1e,-49,12,1588871974.148886,38
2020-05-07 13:19:34.152788,Bluetooth,55:25:0e:31:e0:1e,-49,12,1588871974.152788,39
2020-05-07 13:19:34.411919,Bluetooth,e5:77:66:f9:58:66,-52,12,1588871974.411919,37
2020-05-07 13:19:34.416035,Bluetooth,e5:77:66:f9:58:66,-48,12,1588871974.416035,38
2020-05-07 13:19:34.418071,Bluetooth,e5:77:66:f9:58:66,-45,12,1588871974.418071,39
2020-05-07 13:19:34.419655,Bluetooth,55:25:0e:31:e0:1e,-52,12,1588871974.419655,37
2020-05-07 13:19:34.421122,Bluetooth,55:25:0e:31:e0:1e,-48,12,1588871974.421122,38
2020-05-07 13:19:34.422581,Bluetooth,55:25:0e:31:e0:1e,-46,12,1588871974.422581,39
2020-05-07 13:19:34.691257,Bluetooth,55:25:0e:31:e0:1e,-52,12,1588871974.691257,37
2020-05-07 13:19:34.695789,Bluetooth,55:25:0e:31:e0:1e,-48,12,1588871974.695789,38
2020-05-07 13:19:34.699584,Bluetooth,55:25:0e:31:e0:1e,-44,12,1588871974.699584,39
2020-05-07 13:19:34.965281,Bluetooth,55:25:0e:31:e0:1e,-52,12,1588871974.965281,37
2020-05-07 13:19:34.967251,Bluetooth,55:25:0e:31:e0:1e,-48,12,1588871974.967251,38
2020-05-07 13:19:34.968807,Bluetooth,55:25:0e:31:e0:1e,-48,12,1588871974.968807,39
2020-05-07 13:19:35.242183,Bluetooth,55:25:0e:31:e0:1e,-52,12,1588871975.242183,37
2020-05-07 13:19:35.244160,Bluetooth,55:25:0e:31:e0:1e,-48,12,1588871975.24416,38
2020-05-07 13:19:35.245857,Bluetooth,55:25:0e:31:e0:1e,-49,12,1588871975.245857,39
2020-05-07 13:19:35.521551,Bluetooth,55:25:0e:31:e0:1e,-52,12,1588871975.521551,37
2020-05-07 13:19:35.525657,Bluetooth,55:25:0e:31:e0:1e,-49,12,1588871975.525657,38
2020-05-07 13:19:35.529256,Bluetooth,55:25:0e:31:e0:1e,-48,12,1588871975.529256,39
2020-05-07 13:19:35.794248,Bluetooth,55:25:0e:31:e0:1e,-52,12,1588871975.794248,37
2020-05-07 13:19:35.798558,Bluetooth,55:25:0e:31:e0:1e,-49,12,1588871975.798558,38
2020-05-07 13:19:35.802132,Bluetooth,55:25:0e:31:e0:1e,-51,12,1588871975.802132,39
2020-05-07 13:19:36.421078,Bluetooth,e5:77:66:f9:58:66,-56,12,1588871976.421078,37
2020-05-07 13:19:36.428753,Bluetooth,e5:77:66:f9:58:66,-48,12,1588871976.428753,38
2020-05-07 13:19:36.430880,Bluetooth,e5:77:66:f9:58:66,-47,12,1588871976.43088,39
2020-05-07 13:19:36.627220,Bluetooth,55:25:0e:31:e0:1e,-52,12,1588871976.62722,37
2020-05-07 13:19:36.631690,Bluetooth,55:25:0e:31:e0:1e,-49,12,1588871976.63169,38
2020-05-07 13:19:36.635685,Bluetooth,55:25:0e:31:e0:1e,-47,12,1588871976.635685,39
2020-05-07 13:19:36.897253,Bluetooth,55:25:0e:31:e0:1e,-52,12,1588871976.897253,37
2020-05-07 13:19:36.901580,Bluetooth,55:25:0e:31:e0:1e,-48,12,1588871976.90158,38
2020-05-07 13:19:36.905194,Bluetooth,55:25:0e:31:e0:1e,-47,12,1588871976.905194,39
2020-05-07 13:19:37.172205,Bluetooth,55:25:0e:31:e0:1e,-52,12,1588871977.172205,37
2020-05-07 13:19:37.174231,Bluetooth,55:25:0e:31:e0:1e,-48,12,1588871977.174231,38
2020-05-07 13:19:37.175962,Bluetooth,55:25:0e:31:e0:1e,-46,12,1588871977.175962,39
2020-05-07 13:19:37.449325,Bluetooth,55:25:0e:31:e0:1e,-52,12,1588871977.449325,37
2020-05-07 13:19:37.453907,Bluetooth,55:25:0e:31:e0:1e,-49,12,1588871977.453907,38
2020-05-07 13:19:37.457400,Bluetooth,55:25:0e:31:e0:1e,-47,12,1588871977.4574,39
2020-05-07 13:19:37.720639,Bluetooth,55:25:0e:31:e0:1e,-52,12,1588871977.720639,37
2020-05-07 13:19:37.722832,Bluetooth,55:25:0e:31:e0:1e,-48,12,1588871977.722832,38
2020-05-07 13:19:37.724339,Bluetooth,55:25:0e:31:e0:1e,-49,12,1588871977.724339,39
2020-05-07 13:19:37.992728,Bluetooth,55:25:0e:31:e0:1e,-52,12,1588871977.992728,37
2020-05-07 13:19:37.994883,Bluetooth,55:25:0e:31:e0:1e,-48,12,1588871977.994883,38
2020-05-07 13:19:37.996730,Bluetooth,55:25:0e:31:e0:1e,-47,12,1588871977.99673,39
2020-05-07 13:19:38.267278,Bluetooth,55:25:0e:31:e0:1e,-52,12,1588871978.267278,37
2020-05-07 13:19:38.269382,Bluetooth,55:25:0e:31:e0:1e,-49,12,1588871978.269382,38
2020-05-07 13:19:38.271054,Bluetooth,55:25:0e:31:e0:1e,-47,12,1588871978.271054,39
2020-05-07 13:19:38.419594,Bluetooth,e5:77:66:f9:58:66,-53,12,1588871978.419594,37
2020-05-07 13:19:38.422194,Bluetooth,e5:77:66:f9:58:66,-49,12,1588871978.422194,38
2020-05-07 13:19:38.424641,Bluetooth,e5:77:66:f9:58:66,-46,12,1588871978.424641,39
2020-05-07 13:19:38.544317,Bluetooth,55:25:0e:31:e0:1e,-52,12,1588871978.544317,37
2020-05-07 13:19:38.548586,Bluetooth,55:25:0e:31:e0:1e,-49,12,1588871978.548586,38
2020-05-07 13:19:38.552129,Bluetooth,55:25:0e:31:e0:1e,-47,12,1588871978.552129,39
2020-05-07 13:19:38.819383,Bluetooth,55:25:0e:31:e0:1e,-52,12,1588871978.819383,37
2020-05-07 13:19:38.821871,Bluetooth,55:25:0e:31:e0:1e,-49,12,1588871978.821871,38
2020-05-07 13:19:38.823356,Bluetooth,55:25:0e:31:e0:1e,-46,12,1588871978.823356,39
2020-05-07 13:19:39.917375,Bluetooth,55:25:0e:31:e0:1e,-52,12,1588871979.917375,37
2020-05-07 13:19:39.922006,Bluetooth,55:25:0e:31:e0:1e,-48,12,1588871979.922006,38
2020-05-07 13:19:39.925463,Bluetooth,55:25:0e:31:e0:1e,-47,12,1588871979.925463,39
2020-05-07 13:19:40.196331,Bluetooth,55:25:0e:31:e0:1e,-52,12,1588871980.196331,37
2020-05-07 13:19:40.200603,Bluetooth,55:25:0e:31:e0:1e,-48,12,1588871980.200603,38
2020-05-07 13:19:40.204128,Bluetooth,55:25:0e:31:e0:1e,-47,12,1588871980.204128,39
2020-05-07 13:19:40.428063,Bluetooth,e5:77:66:f9:58:66,-52,12,1588871980.428063,37
2020-05-07 13:19:40.433885,Bluetooth,e5:77:66:f9:58:66,-48,12,1588871980.433885,38
2020-05-07 13:19:40.436664,Bluetooth,e5:77:66:f9:58:66,-45,12,1588871980.436664,39
2020-05-07 13:19:40.475819,Bluetooth,55:25:0e:31:e0:1e,-52,12,1588871980.475819,37
2020-05-07 13:19:40.480409,Bluetooth,55:25:0e:31:e0:1e,-48,12,1588871980.480409,38
2020-05-07 13:19:40.484412,Bluetooth,55:25:0e:31:e0:1e,-52,12,1588871980.484412,39
2020-05-07 13:19:40.753559,Bluetooth,55:25:0e:31:e0:1e,-52,12,1588871980.753559,37
2020-05-07 13:19:40.758010,Bluetooth,55:25:0e:31:e0:1e,-48,12,1588871980.75801,38
2020-05-07 13:19:40.760337,Bluetooth,55:25:0e:31:e0:1e,-48,12,1588871980.760337,39
2020-05-07 13:19:41.023022,Bluetooth,55:25:0e:31:e0:1e,-52,12,1588871981.023022,37
2020-05-07 13:19:41.025740,Bluetooth,55:25:0e:31:e0:1e,-48,12,1588871981.02574,38
2020-05-07 13:19:41.027215,Bluetooth,55:25:0e:31:e0:1e,-52,12,1588871981.027215,39
2020-05-07 13:19:41.302720,Bluetooth,55:25:0e:31:e0:1e,-52,12,1588871981.30272,37
2020-05-07 13:19:41.306835,Bluetooth,55:25:0e:31:e0:1e,-48,12,1588871981.306835,38
2020-05-07 13:19:41.310459,Bluetooth,55:25:0e:31:e0:1e,-48,12,1588871981.310459,39
2020-05-07 13:19:41.578344,Bluetooth,55:25:0e:31:e0:1e,-52,12,1588871981.578344,37
2020-05-07 13:19:41.580430,Bluetooth,55:25:0e:31:e0:1e,-48,12,1588871981.58043,38
2020-05-07 13:19:41.582109,Bluetooth,55:25:0e:31:e0:1e,-45,12,1588871981.582109,39
2020-05-07 13:19:41.855503,Bluetooth,55:25:0e:31:e0:1e,-55,12,1588871981.855503,37
2020-05-07 13:19:41.860334,Bluetooth,55:25:0e:31:e0:1e,-50,12,1588871981.860334,38
2020-05-07 13:19:41.864156,Bluetooth,55:25:0e:31:e0:1e,-47,12,1588871981.864156,39
2020-05-07 13:19:42.126213,Bluetooth,55:25:0e:31:e0:1e,-55,12,1588871982.126213,37
2020-05-07 13:19:42.128402,Bluetooth,55:25:0e:31:e0:1e,-51,12,1588871982.128402,38
2020-05-07 13:19:42.129962,Bluetooth,55:25:0e:31:e0:1e,-49,12,1588871982.129962,39
2020-05-07 13:19:42.403318,Bluetooth,55:25:0e:31:e0:1e,-55,12,1588871982.403318,37
2020-05-07 13:19:42.405367,Bluetooth,55:25:0e:31:e0:1e,-51,12,1588871982.405367,38
2020-05-07 13:19:42.407055,Bluetooth,55:25:0e:31:e0:1e,-52,12,1588871982.407055,39
2020-05-07 13:19:42.429502,Bluetooth,e5:77:66:f9:58:66,-56,12,1588871982.429502,37
2020-05-07 13:19:42.434562,Bluetooth,e5:77:66:f9:58:66,-52,12,1588871982.434562,38
2020-05-07 13:19:42.437124,Bluetooth,e5:77:66:f9:58:66,-48,12,1588871982.437124,39
2020-05-07 13:19:43.507417,Bluetooth,55:25:0e:31:e0:1e,-55,12,1588871983.507417,37
2020-05-07 13:19:43.511752,Bluetooth,55:25:0e:31:e0:1e,-51,12,1588871983.511752,38
2020-05-07 13:19:43.515352,Bluetooth,55:25:0e:31:e0:1e,-48,12,1588871983.515352,39
2020-05-07 13:19:43.781698,Bluetooth,55:25:0e:31:e0:1e,-55,12,1588871983.781698,37
2020-05-07 13:19:43.783856,Bluetooth,55:25:0e:31:e0:1e,-51,12,1588871983.783856,38
2020-05-07 13:19:43.785613,Bluetooth,55:25:0e:31:e0:1e,-48,12,1588871983.785613,39
2020-05-07 13:19:44.053696,Bluetooth,55:25:0e:31:e0:1e,-55,12,1588871984.053696,37
2020-05-07 13:19:44.058095,Bluetooth,55:25:0e:31:e0:1e,-51,12,1588871984.058095,38
2020-05-07 13:19:44.061485,Bluetooth,55:25:0e:31:e0:1e,-49,12,1588871984.061485,39
2020-05-07 13:19:44.328361,Bluetooth,55:25:0e:31:e0:1e,-55,12,1588871984.328361,37
2020-05-07 13:19:44.330266,Bluetooth,55:25:0e:31:e0:1e,-51,12,1588871984.330266,38
2020-05-07 13:19:44.331709,Bluetooth,55:25:0e:31:e0:1e,-51,12,1588871984.331709,39
2020-05-07 13:19:44.601427,Bluetooth,55:25:0e:31:e0:1e,-55,12,1588871984.601427,37
2020-05-07 13:19:44.605684,Bluetooth,55:25:0e:31:e0:1e,-51,12,1588871984.605684,38
2020-05-07 13:19:44.609374,Bluetooth,55:25:0e:31:e0:1e,-49,12,1588871984.609374,39
2020-05-07 13:19:44.875346,Bluetooth,55:25:0e:31:e0:1e,-55,12,1588871984.875346,37
2020-05-07 13:19:44.877350,Bluetooth,55:25:0e:31:e0:1e,-54,12,1588871984.87735,38
2020-05-07 13:19:44.878975,Bluetooth,55:25:0e:31:e0:1e,-51,12,1588871984.878975,39
2020-05-07 13:19:45.153486,Bluetooth,55:25:0e:31:e0:1e,-55,12,1588871985.153486,37
2020-05-07 13:19:45.157767,Bluetooth,55:25:0e:31:e0:1e,-51,12,1588871985.157767,38
2020-05-07 13:19:45.161314,Bluetooth,55:25:0e:31:e0:1e,-49,12,1588871985.161314,39
2020-05-07 13:19:45.429366,Bluetooth,55:25:0e:31:e0:1e,-55,12,1588871985.429366,37
2020-05-07 13:19:45.431333,Bluetooth,55:25:0e:31:e0:1e,-51,12,1588871985.431333,38
2020-05-07 13:19:45.432861,Bluetooth,55:25:0e:31:e0:1e,-49,12,1588871985.432861,39
2020-05-07 13:19:45.707479,Bluetooth,55:25:0e:31:e0:1e,-55,12,1588871985.707479,37
2020-05-07 13:19:45.712191,Bluetooth,55:25:0e:31:e0:1e,-51,12,1588871985.712191,38
2020-05-07 13:19:45.715992,Bluetooth,55:25:0e:31:e0:1e,-51,12,1588871985.715992,39
2020-05-07 13:19:46.437265,Bluetooth,e5:77:66:f9:58:66,-56,12,1588871986.437265,37
2020-05-07 13:19:46.442701,Bluetooth,e5:77:66:f9:58:66,-51,12,1588871986.442701,38
2020-05-07 13:19:46.445258,Bluetooth,e5:77:66:f9:58:66,-47,12,1588871986.445258,39
2020-05-07 13:19:46.524043,Bluetooth,55:25:0e:31:e0:1e,-55,12,1588871986.524043,37
2020-05-07 13:19:46.528382,Bluetooth,55:25:0e:31:e0:1e,-51,12,1588871986.528382,38
2020-05-07 13:19:46.530358,Bluetooth,55:25:0e:31:e0:1e,-48,12,1588871986.530358,39
2020-05-07 13:19:46.797908,Bluetooth,55:25:0e:31:e0:1e,-55,12,1588871986.797908,37
2020-05-07 13:19:46.802667,Bluetooth,55:25:0e:31:e0:1e,-51,12,1588871986.802667,38
2020-05-07 13:19:46.805738,Bluetooth,55:25:0e:31:e0:1e,-46,12,1588871986.805738,39
2020-05-07 13:19:47.074525,Bluetooth,55:25:0e:31:e0:1e,-55,12,1588871987.074525,37
2020-05-07 13:19:47.076566,Bluetooth,55:25:0e:31:e0:1e,-51,12,1588871987.076566,38
2020-05-07 13:19:47.078102,Bluetooth,55:25:0e:31:e0:1e,-48,12,1588871987.078102,39
2020-05-07 13:19:47.346965,Bluetooth,55:25:0e:31:e0:1e,-55,12,1588871987.346965,37
2020-05-07 13:19:47.351719,Bluetooth,55:25:0e:31:e0:1e,-51,12,1588871987.351719,38
2020-05-07 13:19:47.355575,Bluetooth,55:25:0e:31:e0:1e,-47,12,1588871987.355575,39
2020-05-07 13:19:47.618765,Bluetooth,55:25:0e:31:e0:1e,-55,12,1588871987.618765,37
2020-05-07 13:19:47.620831,Bluetooth,55:25:0e:31:e0:1e,-51,12,1588871987.620831,38
2020-05-07 13:19:47.622345,Bluetooth,55:25:0e:31:e0:1e,-48,12,1588871987.622345,39
2020-05-07 13:19:47.900603,Bluetooth,55:25:0e:31:e0:1e,-55,12,1588871987.900603,37
2020-05-07 13:19:47.905286,Bluetooth,55:25:0e:31:e0:1e,-51,12,1588871987.905286,38
2020-05-07 13:19:47.909152,Bluetooth,55:25:0e:31:e0:1e,-51,12,1588871987.909152,39
2020-05-07 13:19:48.171641,Bluetooth,55:25:0e:31:e0:1e,-55,12,1588871988.171641,37
2020-05-07 13:19:48.173506,Bluetooth,55:25:0e:31:e0:1e,-51,12,1588871988.173506,38
2020-05-07 13:19:48.174964,Bluetooth,55:25:0e:31:e0:1e,-48,12,1588871988.174964,39
2020-05-07 13:19:48.441996,Bluetooth,e5:77:66:f9:58:66,-56,12,1588871988.441996,37
2020-05-07 13:19:48.445004,Bluetooth,e5:77:66:f9:58:66,-51,12,1588871988.445004,38
2020-05-07 13:19:48.447077,Bluetooth,e5:77:66:f9:58:66,-48,12,1588871988.447077,39
2020-05-07 13:19:48.451676,Bluetooth,55:25:0e:31:e0:1e,-55,12,1588871988.451676,37
2020-05-07 13:19:48.453813,Bluetooth,55:25:0e:31:e0:1e,-51,12,1588871988.453813,38
2020-05-07 13:19:48.455434,Bluetooth,55:25:0e:31:e0:1e,-48,12,1588871988.455434,39
2020-05-07 13:19:48.723402,Bluetooth,55:25:0e:31:e0:1e,-55,12,1588871988.723402,37
2020-05-07 13:19:48.725393,Bluetooth,55:25:0e:31:e0:1e,-51,12,1588871988.725393,38
2020-05-07 13:19:48.726875,Bluetooth,55:25:0e:31:e0:1e,-49,12,1588871988.726875,39
2020-05-07 13:19:49.001525,Bluetooth,55:25:0e:31:e0:1e,-55,12,1588871989.001525,37
2020-05-07 13:19:49.006146,Bluetooth,55:25:0e:31:e0:1e,-52,12,1588871989.006146,38
2020-05-07 13:19:49.009519,Bluetooth,55:25:0e:31:e0:1e,-46,12,1588871989.009519,39
2020-05-07 13:19:49.826550,Bluetooth,55:25:0e:31:e0:1e,-55,12,1588871989.82655,37
2020-05-07 13:19:49.831195,Bluetooth,55:25:0e:31:e0:1e,-51,12,1588871989.831195,38
2020-05-07 13:19:49.833452,Bluetooth,55:25:0e:31:e0:1e,-46,12,1588871989.833452,39
2020-05-07 13:19:50.103753,Bluetooth,55:25:0e:31:e0:1e,-55,12,1588871990.103753,37
2020-05-07 13:19:50.108041,Bluetooth,55:25:0e:31:e0:1e,-51,12,1588871990.108041,38
2020-05-07 13:19:50.111847,Bluetooth,55:25:0e:31:e0:1e,-51,12,1588871990.111847,39
2020-05-07 13:19:50.379449,Bluetooth,55:25:0e:31:e0:1e,-55,12,1588871990.379449,37
2020-05-07 13:19:50.381317,Bluetooth,55:25:0e:31:e0:1e,-51,12,1588871990.381317,38
2020-05-07 13:19:50.382794,Bluetooth,55:25:0e:31:e0:1e,-48,12,1588871990.382794,39
2020-05-07 13:19:50.653528,Bluetooth,55:25:0e:31:e0:1e,-55,12,1588871990.653528,37
2020-05-07 13:19:50.658144,Bluetooth,55:25:0e:31:e0:1e,-51,12,1588871990.658144,38
2020-05-07 13:19:50.661510,Bluetooth,55:25:0e:31:e0:1e,-52,12,1588871990.66151,39
2020-05-07 13:19:50.924769,Bluetooth,55:25:0e:31:e0:1e,-55,12,1588871990.924769,37
2020-05-07 13:19:50.926605,Bluetooth,55:25:0e:31:e0:1e,-51,12,1588871990.926605,38
2020-05-07 13:19:50.928038,Bluetooth,55:25:0e:31:e0:1e,-47,12,1588871990.928038,39
2020-05-07 13:19:51.203832,Bluetooth,55:25:0e:31:e0:1e,-55,12,1588871991.203832,37
2020-05-07 13:19:51.206484,Bluetooth,55:25:0e:31:e0:1e,-52,12,1588871991.206484,38
2020-05-07 13:19:51.208524,Bluetooth,55:25:0e:31:e0:1e,-52,12,1588871991.208524,39
2020-05-07 13:19:51.475679,Bluetooth,55:25:0e:31:e0:1e,-55,12,1588871991.475679,37
2020-05-07 13:19:51.477560,Bluetooth,55:25:0e:31:e0:1e,-51,12,1588871991.47756,38
2020-05-07 13:19:51.479050,Bluetooth,55:25:0e:31:e0:1e,-47,12,1588871991.47905,39
2020-05-07 13:19:51.756886,Bluetooth,55:25:0e:31:e0:1e,-55,12,1588871991.756886,37
2020-05-07 13:19:51.761825,Bluetooth,55:25:0e:31:e0:1e,-52,12,1588871991.761825,38
2020-05-07 13:19:51.765434,Bluetooth,55:25:0e:31:e0:1e,-48,12,1588871991.765434,39
2020-05-07 13:19:52.026979,Bluetooth,55:25:0e:31:e0:1e,-55,12,1588871992.026979,37
2020-05-07 13:19:52.029913,Bluetooth,55:25:0e:31:e0:1e,-51,12,1588871992.029913,38
2020-05-07 13:19:52.031600,Bluetooth,55:25:0e:31:e0:1e,-48,12,1588871992.0316,39
2020-05-07 13:19:52.302872,Bluetooth,55:25:0e:31:e0:1e,-55,12,1588871992.302872,37
2020-05-07 13:19:52.307525,Bluetooth,55:25:0e:31:e0:1e,-51,12,1588871992.307525,38
2020-05-07 13:19:52.311370,Bluetooth,55:25:0e:31:e0:1e,-48,12,1588871992.31137,39
2020-05-07 13:19:52.458954,Bluetooth,e5:77:66:f9:58:66,-56,12,1588871992.458954,37
2020-05-07 13:19:52.464624,Bluetooth,e5:77:66:f9:58:66,-51,12,1588871992.464624,38
2020-05-07 13:19:52.466824,Bluetooth,e5:77:66:f9:58:66,-46,12,1588871992.466824,39
2020-05-07 13:19:53.132944,Bluetooth,55:25:0e:31:e0:1e,-55,12,1588871993.132944,37
2020-05-07 13:19:53.137744,Bluetooth,55:25:0e:31:e0:1e,-51,12,1588871993.137744,38
2020-05-07 13:19:53.141393,Bluetooth,55:25:0e:31:e0:1e,-46,12,1588871993.141393,39
2020-05-07 13:19:53.409700,Bluetooth,55:25:0e:31:e0:1e,-55,12,1588871993.4097,37
2020-05-07 13:19:53.411601,Bluetooth,55:25:0e:31:e0:1e,-51,12,1588871993.411601,38
2020-05-07 13:19:53.413088,Bluetooth,55:25:0e:31:e0:1e,-46,12,1588871993.413088,39
2020-05-07 13:19:53.682967,Bluetooth,55:25:0e:31:e0:1e,-55,12,1588871993.682967,37
2020-05-07 13:19:53.687425,Bluetooth,55:25:0e:31:e0:1e,-50,12,1588871993.687425,38
2020-05-07 13:19:53.689071,Bluetooth,55:25:0e:31:e0:1e,-49,12,1588871993.689071,39
2020-05-07 13:19:53.953905,Bluetooth,55:25:0e:31:e0:1e,-55,12,1588871993.953905,37
2020-05-07 13:19:53.956655,Bluetooth,55:25:0e:31:e0:1e,-50,12,1588871993.956655,38
2020-05-07 13:19:53.958137,Bluetooth,55:25:0e:31:e0:1e,-47,12,1588871993.958137,39
2020-05-07 13:19:54.233020,Bluetooth,55:25:0e:31:e0:1e,-55,12,1588871994.23302,37
2020-05-07 13:19:54.237700,Bluetooth,55:25:0e:31:e0:1e,-51,12,1588871994.2377,38
2020-05-07 13:19:54.241615,Bluetooth,55:25:0e:31:e0:1e,-46,12,1588871994.241615,39
2020-05-07 13:19:54.463892,Bluetooth,e5:77:66:f9:58:66,-56,12,1588871994.463892,37
2020-05-07 13:19:54.469791,Bluetooth,e5:77:66:f9:58:66,-51,12,1588871994.469791,38
2020-05-07 13:19:54.472033,Bluetooth,e5:77:66:f9:58:66,-48,12,1588871994.472033,39
2020-05-07 13:19:54.512713,Bluetooth,55:25:0e:31:e0:1e,-55,12,1588871994.512713,37
2020-05-07 13:19:54.515551,Bluetooth,55:25:0e:31:e0:1e,-51,12,1588871994.515551,38
2020-05-07 13:19:54.517293,Bluetooth,55:25:0e:31:e0:1e,-46,12,1588871994.517293,39
2020-05-07 13:19:54.785631,Bluetooth,55:25:0e:31:e0:1e,-55,12,1588871994.785631,37
2020-05-07 13:19:54.790232,Bluetooth,55:25:0e:31:e0:1e,-51,12,1588871994.790232,38
2020-05-07 13:19:54.793563,Bluetooth,55:25:0e:31:e0:1e,-44,12,1588871994.793563,39
2020-05-07 13:19:55.056109,Bluetooth,55:25:0e:31:e0:1e,-55,12,1588871995.056109,37
2020-05-07 13:19:55.058230,Bluetooth,55:25:0e:31:e0:1e,-51,12,1588871995.05823,38
2020-05-07 13:19:55.059850,Bluetooth,55:25:0e:31:e0:1e,-47,12,1588871995.05985,39
2020-05-07 13:19:55.332586,Bluetooth,55:25:0e:31:e0:1e,-55,12,1588871995.332586,37
2020-05-07 13:19:55.337173,Bluetooth,55:25:0e:31:e0:1e,-51,12,1588871995.337173,38
2020-05-07 13:19:55.340994,Bluetooth,55:25:0e:31:e0:1e,-46,12,1588871995.340994,39
2020-05-07 13:19:55.606712,Bluetooth,55:25:0e:31:e0:1e,-55,12,1588871995.606712,37
2020-05-07 13:19:55.608965,Bluetooth,55:25:0e:31:e0:1e,-51,12,1588871995.608965,38
2020-05-07 13:19:55.610653,Bluetooth,55:25:0e:31:e0:1e,-52,12,1588871995.610653,39
2020-05-07 13:19:56.431814,Bluetooth,55:25:0e:31:e0:1e,-55,12,1588871996.431814,37
2020-05-07 13:19:56.436140,Bluetooth,55:25:0e:31:e0:1e,-51,12,1588871996.43614,38
2020-05-07 13:19:56.439845,Bluetooth,55:25:0e:31:e0:1e,-48,12,1588871996.439845,39
2020-05-07 13:19:56.703431,Bluetooth,55:25:0e:31:e0:1e,-55,12,1588871996.703431,37
2020-05-07 13:19:56.705656,Bluetooth,55:25:0e:31:e0:1e,-50,12,1588871996.705656,38
2020-05-07 13:19:56.707428,Bluetooth,55:25:0e:31:e0:1e,-51,12,1588871996.707428,39
2020-05-07 13:19:56.973811,Bluetooth,55:25:0e:31:e0:1e,-55,12,1588871996.973811,37
2020-05-07 13:19:56.978313,Bluetooth,55:25:0e:31:e0:1e,-51,12,1588871996.978313,38
2020-05-07 13:19:56.981562,Bluetooth,55:25:0e:31:e0:1e,-46,12,1588871996.981562,39
2020-05-07 13:19:57.248622,Bluetooth,55:25:0e:31:e0:1e,-55,12,1588871997.248622,37
2020-05-07 13:19:57.250627,Bluetooth,55:25:0e:31:e0:1e,-51,12,1588871997.250627,38
2020-05-07 13:19:57.252083,Bluetooth,55:25:0e:31:e0:1e,-52,12,1588871997.252083,39
2020-05-07 13:19:57.526813,Bluetooth,55:25:0e:31:e0:1e,-55,12,1588871997.526813,37
2020-05-07 13:19:57.531217,Bluetooth,55:25:0e:31:e0:1e,-50,12,1588871997.531217,38
2020-05-07 13:19:57.534926,Bluetooth,55:25:0e:31:e0:1e,-47,12,1588871997.534926,39
2020-05-07 13:19:57.797732,Bluetooth,55:25:0e:31:e0:1e,-55,12,1588871997.797732,37
2020-05-07 13:19:57.799856,Bluetooth,55:25:0e:31:e0:1e,-51,12,1588871997.799856,38
2020-05-07 13:19:57.802328,Bluetooth,55:25:0e:31:e0:1e,-46,12,1588871997.802328,39
2020-05-07 13:19:58.075965,Bluetooth,55:25:0e:31:e0:1e,-55,12,1588871998.075965,37
2020-05-07 13:19:58.078205,Bluetooth,55:25:0e:31:e0:1e,-51,12,1588871998.078205,38
2020-05-07 13:19:58.079901,Bluetooth,55:25:0e:31:e0:1e,-49,12,1588871998.079901,39
2020-05-07 13:19:58.348611,Bluetooth,55:25:0e:31:e0:1e,-55,12,1588871998.348611,37
2020-05-07 13:19:58.350530,Bluetooth,55:25:0e:31:e0:1e,-51,12,1588871998.35053,38
2020-05-07 13:19:58.352062,Bluetooth,55:25:0e:31:e0:1e,-48,12,1588871998.352062,39
2020-05-07 13:19:58.470651,Bluetooth,e5:77:66:f9:58:66,-52,12,1588871998.470651,37
2020-05-07 13:19:58.473609,Bluetooth,e5:77:66:f9:58:66,-52,12,1588871998.473609,38
2020-05-07 13:19:58.476897,Bluetooth,e5:77:66:f9:58:66,-46,12,1588871998.476897,39
2020-05-07 13:19:58.626809,Bluetooth,55:25:0e:31:e0:1e,-55,12,1588871998.626809,37
2020-05-07 13:19:58.631517,Bluetooth,55:25:0e:31:e0:1e,-51,12,1588871998.631517,38
2020-05-07 13:19:58.635408,Bluetooth,55:25:0e:31:e0:1e,-52,12,1588871998.635408,39
2020-05-07 13:19:58.904867,Bluetooth,55:25:0e:31:e0:1e,-55,12,1588871998.904867,37
2020-05-07 13:19:58.906889,Bluetooth,55:25:0e:31:e0:1e,-51,12,1588871998.906889,38
2020-05-07 13:19:58.908770,Bluetooth,55:25:0e:31:e0:1e,-48,12,1588871998.90877,39
2020-05-07 13:19:59.729108,Bluetooth,55:25:0e:31:e0:1e,-55,12,1588871999.729108,37
2020-05-07 13:19:59.733831,Bluetooth,55:25:0e:31:e0:1e,-51,12,1588871999.733831,38
2020-05-07 13:19:59.737573,Bluetooth,55:25:0e:31:e0:1e,-48,12,1588871999.737573,39
2020-05-07 13:20:00.000503,Bluetooth,55:25:0e:31:e0:1e,-55,12,1588872000.000503,37
2020-05-07 13:20:00.002670,Bluetooth,55:25:0e:31:e0:1e,-51,12,1588872000.00267,38
2020-05-07 13:20:00.004141,Bluetooth,55:25:0e:31:e0:1e,-47,12,1588872000.004141,39
2020-05-07 13:20:00.271925,Bluetooth,55:25:0e:31:e0:1e,-55,12,1588872000.271925,37
2020-05-07 13:20:00.276700,Bluetooth,55:25:0e:31:e0:1e,-50,12,1588872000.2767,38
2020-05-07 13:20:00.280628,Bluetooth,55:25:0e:31:e0:1e,-48,12,1588872000.280628,39
2020-05-07 13:20:00.473991,Bluetooth,e5:77:66:f9:58:66,-52,12,1588872000.473991,37
2020-05-07 13:20:00.479528,Bluetooth,e5:77:66:f9:58:66,-51,12,1588872000.479528,38
2020-05-07 13:20:00.482155,Bluetooth,e5:77:66:f9:58:66,-48,12,1588872000.482155,39
2020-05-07 13:20:00.551848,Bluetooth,55:25:0e:31:e0:1e,-55,12,1588872000.551848,37
2020-05-07 13:20:00.556912,Bluetooth,55:25:0e:31:e0:1e,-54,12,1588872000.556912,38
2020-05-07 13:20:00.560912,Bluetooth,55:25:0e:31:e0:1e,-52,12,1588872000.560912,39
2020-05-07 13:20:00.821789,Bluetooth,55:25:0e:31:e0:1e,-55,12,1588872000.821789,37
2020-05-07 13:20:00.826157,Bluetooth,55:25:0e:31:e0:1e,-51,12,1588872000.826157,38
2020-05-07 13:20:00.829761,Bluetooth,55:25:0e:31:e0:1e,-48,12,1588872000.829761,39
2020-05-07 13:20:01.093027,Bluetooth,55:25:0e:31:e0:1e,-55,12,1588872001.093027,37
2020-05-07 13:20:01.095177,Bluetooth,55:25:0e:31:e0:1e,-55,12,1588872001.095177,38
2020-05-07 13:20:01.096743,Bluetooth,55:25:0e:31:e0:1e,-49,12,1588872001.096743,39
2020-05-07 13:20:01.367709,Bluetooth,55:25:0e:31:e0:1e,-55,12,1588872001.367709,37
2020-05-07 13:20:01.372201,Bluetooth,55:25:0e:31:e0:1e,-51,12,1588872001.372201,38
2020-05-07 13:20:01.375993,Bluetooth,55:25:0e:31:e0:1e,-48,12,1588872001.375993,39
2020-05-07 13:20:01.641330,Bluetooth,55:25:0e:31:e0:1e,-55,12,1588872001.64133,37
2020-05-07 13:20:01.643588,Bluetooth,55:25:0e:31:e0:1e,-51,12,1588872001.643588,38
2020-05-07 13:20:01.645334,Bluetooth,55:25:0e:31:e0:1e,-49,12,1588872001.645334,39
2020-05-07 13:20:01.919101,Bluetooth,55:25:0e:31:e0:1e,-55,12,1588872001.919101,37
2020-05-07 13:20:01.923582,Bluetooth,55:25:0e:31:e0:1e,-51,12,1588872001.923582,38
2020-05-07 13:20:01.925211,Bluetooth,55:25:0e:31:e0:1e,-44,12,1588872001.925211,39
2020-05-07 13:20:03.006998,Bluetooth,55:25:0e:31:e0:1e,-55,12,1588872003.006998,37
2020-05-07 13:20:03.011760,Bluetooth,55:25:0e:31:e0:1e,-51,12,1588872003.01176,38
2020-05-07 13:20:03.015620,Bluetooth,55:25:0e:31:e0:1e,-46,12,1588872003.01562,39
2020-05-07 13:20:03.281983,Bluetooth,55:25:0e:31:e0:1e,-55,12,1588872003.281983,37
2020-05-07 13:20:03.283911,Bluetooth,55:25:0e:31:e0:1e,-51,12,1588872003.283911,38
2020-05-07 13:20:03.285504,Bluetooth,55:25:0e:31:e0:1e,-49,12,1588872003.285504,39
2020-05-07 13:20:03.558131,Bluetooth,55:25:0e:31:e0:1e,-55,12,1588872003.558131,37
2020-05-07 13:20:03.562835,Bluetooth,55:25:0e:31:e0:1e,-51,12,1588872003.562835,38
2020-05-07 13:20:03.565873,Bluetooth,55:25:0e:31:e0:1e,-48,12,1588872003.565873,39
2020-05-07 13:20:03.835739,Bluetooth,55:25:0e:31:e0:1e,-55,12,1588872003.835739,37
2020-05-07 13:20:03.837960,Bluetooth,55:25:0e:31:e0:1e,-51,12,1588872003.83796,38
2020-05-07 13:20:03.839682,Bluetooth,55:25:0e:31:e0:1e,-51,12,1588872003.839682,39
2020-05-07 13:20:04.116805,Bluetooth,55:25:0e:31:e0:1e,-55,12,1588872004.116805,37
2020-05-07 13:20:04.121182,Bluetooth,55:25:0e:31:e0:1e,-51,12,1588872004.121182,38
2020-05-07 13:20:04.124913,Bluetooth,55:25:0e:31:e0:1e,-44,12,1588872004.124913,39
2020-05-07 13:20:04.387668,Bluetooth,55:25:0e:31:e0:1e,-55,12,1588872004.387668,37
2020-05-07 13:20:04.389901,Bluetooth,55:25:0e:31:e0:1e,-51,12,1588872004.389901,38
2020-05-07 13:20:04.397379,Bluetooth,55:25:0e:31:e0:1e,-44,12,1588872004.397379,39
2020-05-07 13:20:04.477062,Bluetooth,e5:77:66:f9:58:66,-56,12,1588872004.477062,37
2020-05-07 13:20:04.479526,Bluetooth,e5:77:66:f9:58:66,-51,12,1588872004.479526,38
2020-05-07 13:20:04.481561,Bluetooth,e5:77:66:f9:58:66,-48,12,1588872004.481561,39
2020-05-07 13:20:04.665080,Bluetooth,55:25:0e:31:e0:1e,-55,12,1588872004.66508,37
2020-05-07 13:20:04.669502,Bluetooth,55:25:0e:31:e0:1e,-51,12,1588872004.669502,38
2020-05-07 13:20:04.673315,Bluetooth,55:25:0e:31:e0:1e,-49,12,1588872004.673315,39
2020-05-07 13:20:04.938305,Bluetooth,55:25:0e:31:e0:1e,-55,12,1588872004.938305,37
2020-05-07 13:20:04.940340,Bluetooth,55:25:0e:31:e0:1e,-51,12,1588872004.94034,38
2020-05-07 13:20:04.942024,Bluetooth,55:25:0e:31:e0:1e,-48,12,1588872004.942024,39
2020-05-07 13:20:05.217822,Bluetooth,55:25:0e:31:e0:1e,-55,12,1588872005.217822,37
2020-05-07 13:20:05.222368,Bluetooth,55:25:0e:31:e0:1e,-51,12,1588872005.222368,38
2020-05-07 13:20:05.226125,Bluetooth,55:25:0e:31:e0:1e,-49,12,1588872005.226125,39
2020-05-07 13:20:05.495705,Bluetooth,55:25:0e:31:e0:1e,-55,12,1588872005.495705,37
2020-05-07 13:20:05.497680,Bluetooth,55:25:0e:31:e0:1e,-51,12,1588872005.49768,38
2020-05-07 13:20:05.499117,Bluetooth,55:25:0e:31:e0:1e,-49,12,1588872005.499117,39
2020-05-07 13:20:06.327813,Bluetooth,55:25:0e:31:e0:1e,-55,12,1588872006.327813,37
2020-05-07 13:20:06.332444,Bluetooth,55:25:0e:31:e0:1e,-51,12,1588872006.332444,38
2020-05-07 13:20:06.336102,Bluetooth,55:25:0e:31:e0:1e,-48,12,1588872006.336102,39
2020-05-07 13:20:06.482622,Bluetooth,e5:77:66:f9:58:66,-56,12,1588872006.482622,37
2020-05-07 13:20:06.487954,Bluetooth,e5:77:66:f9:58:66,-51,12,1588872006.487954,38
2020-05-07 13:20:06.490504,Bluetooth,e5:77:66:f9:58:66,-48,12,1588872006.490504,39
2020-05-07 13:20:06.605010,Bluetooth,55:25:0e:31:e0:1e,-55,12,1588872006.60501,37
2020-05-07 13:20:06.613432,Bluetooth,55:25:0e:31:e0:1e,-51,12,1588872006.613432,38
2020-05-07 13:20:06.615276,Bluetooth,55:25:0e:31:e0:1e,-51,12,1588872006.615276,39
2020-05-07 13:20:06.883805,Bluetooth,55:25:0e:31:e0:1e,-55,12,1588872006.883805,37
2020-05-07 13:20:06.888067,Bluetooth,55:25:0e:31:e0:1e,-51,12,1588872006.888067,38
2020-05-07 13:20:06.891684,Bluetooth,55:25:0e:31:e0:1e,-52,12,1588872006.891684,39
2020-05-07 13:20:07.160738,Bluetooth,55:25:0e:31:e0:1e,-55,12,1588872007.160738,37
2020-05-07 13:20:07.162586,Bluetooth,55:25:0e:31:e0:1e,-51,12,1588872007.162586,38
2020-05-07 13:20:07.164042,Bluetooth,55:25:0e:31:e0:1e,-46,12,1588872007.164042,39
2020-05-07 13:20:07.441921,Bluetooth,55:25:0e:31:e0:1e,-55,12,1588872007.441921,37
2020-05-07 13:20:07.446596,Bluetooth,55:25:0e:31:e0:1e,-51,12,1588872007.446596,38
2020-05-07 13:20:07.449689,Bluetooth,55:25:0e:31:e0:1e,-46,12,1588872007.449689,39
2020-05-07 13:20:07.712087,Bluetooth,55:25:0e:31:e0:1e,-55,12,1588872007.712087,37
2020-05-07 13:20:07.715193,Bluetooth,55:25:0e:31:e0:1e,-51,12,1588872007.715193,38
2020-05-07 13:20:07.716722,Bluetooth,55:25:0e:31:e0:1e,-47,12,1588872007.716722,39
2020-05-07 13:20:07.986065,Bluetooth,55:25:0e:31:e0:1e,-55,12,1588872007.986065,37
2020-05-07 13:20:07.988719,Bluetooth,55:25:0e:31:e0:1e,-51,12,1588872007.988719,38
2020-05-07 13:20:07.991075,Bluetooth,55:25:0e:31:e0:1e,-52,12,1588872007.991075,39
2020-05-07 13:20:08.267406,Bluetooth,55:25:0e:31:e0:1e,-55,12,1588872008.267406,37
2020-05-07 13:20:08.271823,Bluetooth,55:25:0e:31:e0:1e,-51,12,1588872008.271823,38
2020-05-07 13:20:08.275532,Bluetooth,55:25:0e:31:e0:1e,-51,12,1588872008.275532,39
2020-05-07 13:20:08.548194,Bluetooth,55:25:0e:31:e0:1e,-55,12,1588872008.548194,37
2020-05-07 13:20:08.552744,Bluetooth,55:25:0e:31:e0:1e,-51,12,1588872008.552744,38
2020-05-07 13:20:08.554554,Bluetooth,55:25:0e:31:e0:1e,-48,12,1588872008.554554,39
2020-05-07 13:20:08.822013,Bluetooth,55:25:0e:31:e0:1e,-55,12,1588872008.822013,37
2020-05-07 13:20:08.823939,Bluetooth,55:25:0e:31:e0:1e,-55,12,1588872008.823939,38
2020-05-07 13:20:08.825494,Bluetooth,55:25:0e:31:e0:1e,-52,12,1588872008.825494,39
2020-05-07 13:20:09.100046,Bluetooth,55:25:0e:31:e0:1e,-55,12,1588872009.100046,37
2020-05-07 13:20:09.104555,Bluetooth,55:25:0e:31:e0:1e,-51,12,1588872009.104555,38
2020-05-07 13:20:09.108220,Bluetooth,55:25:0e:31:e0:1e,-46,12,1588872009.10822,39
2020-05-07 13:20:09.930391,Bluetooth,55:25:0e:31:e0:1e,-55,12,1588872009.930391,37
2020-05-07 13:20:09.934890,Bluetooth,55:25:0e:31:e0:1e,-51,12,1588872009.93489,38
2020-05-07 13:20:09.937880,Bluetooth,55:25:0e:31:e0:1e,-46,12,1588872009.93788,39
2020-05-07 13:20:10.207052,Bluetooth,55:25:0e:31:e0:1e,-55,12,1588872010.207052,37
2020-05-07 13:20:10.211824,Bluetooth,55:25:0e:31:e0:1e,-51,12,1588872010.211824,38
2020-05-07 13:20:10.215662,Bluetooth,55:25:0e:31:e0:1e,-48,12,1588872010.215662,39
2020-05-07 13:20:10.483010,Bluetooth,55:25:0e:31:e0:1e,-55,12,1588872010.48301,37
2020-05-07 13:20:10.485240,Bluetooth,55:25:0e:31:e0:1e,-55,12,1588872010.48524,38
2020-05-07 13:20:10.486925,Bluetooth,55:25:0e:31:e0:1e,-46,12,1588872010.486925,39
2020-05-07 13:20:10.491104,Bluetooth,e5:77:66:f9:58:66,-56,12,1588872010.491104,37
2020-05-07 13:20:10.493642,Bluetooth,e5:77:66:f9:58:66,-52,12,1588872010.493642,38
2020-05-07 13:20:10.495632,Bluetooth,e5:77:66:f9:58:66,-46,12,1588872010.495632,39
2020-05-07 13:20:10.763928,Bluetooth,55:25:0e:31:e0:1e,-55,12,1588872010.763928,37
2020-05-07 13:20:10.768357,Bluetooth,55:25:0e:31:e0:1e,-51,12,1588872010.768357,38
2020-05-07 13:20:10.769951,Bluetooth,55:25:0e:31:e0:1e,-51,12,1588872010.769951,39
2020-05-07 13:20:11.034916,Bluetooth,55:25:0e:31:e0:1e,-56,12,1588872011.034916,37
2020-05-07 13:20:11.036793,Bluetooth,55:25:0e:31:e0:1e,-51,12,1588872011.036793,38
2020-05-07 13:20:11.038277,Bluetooth,55:25:0e:31:e0:1e,-47,12,1588872011.038277,39
2020-05-07 13:20:11.314980,Bluetooth,55:25:0e:31:e0:1e,-55,12,1588872011.31498,37
2020-05-07 13:20:11.319519,Bluetooth,55:25:0e:31:e0:1e,-51,12,1588872011.319519,38
2020-05-07 13:20:11.323327,Bluetooth,55:25:0e:31:e0:1e,-49,12,1588872011.323327,39
2020-05-07 13:20:11.585208,Bluetooth,55:25:0e:31:e0:1e,-55,12,1588872011.585208,37
2020-05-07 13:20:11.587423,Bluetooth,55:25:0e:31:e0:1e,-51,12,1588872011.587423,38
2020-05-07 13:20:11.589028,Bluetooth,55:25:0e:31:e0:1e,-49,12,1588872011.589028,39
2020-05-07 13:20:11.858984,Bluetooth,55:25:0e:31:e0:1e,-55,12,1588872011.858984,37
2020-05-07 13:20:11.863331,Bluetooth,55:25:0e:31:e0:1e,-51,12,1588872011.863331,38
2020-05-07 13:20:11.865428,Bluetooth,55:25:0e:31:e0:1e,-48,12,1588872011.865428,39
2020-05-07 13:20:12.135848,Bluetooth,55:25:0e:31:e0:1e,-55,12,1588872012.135848,37
2020-05-07 13:20:12.137840,Bluetooth,55:25:0e:31:e0:1e,-51,12,1588872012.13784,38
2020-05-07 13:20:12.139290,Bluetooth,55:25:0e:31:e0:1e,-49,12,1588872012.13929,39
2020-05-07 13:20:12.411029,Bluetooth,55:25:0e:31:e0:1e,-55,12,1588872012.411029,37
2020-05-07 13:20:12.413085,Bluetooth,55:25:0e:31:e0:1e,-51,12,1588872012.413085,38
2020-05-07 13:20:12.417657,Bluetooth,55:25:0e:31:e0:1e,-52,12,1588872012.417657,39
2020-05-07 13:20:12.495272,Bluetooth,e5:77:66:f9:58:66,-55,12,1588872012.495272,37
2020-05-07 13:20:12.501000,Bluetooth,e5:77:66:f9:58:66,-52,12,1588872012.501,38
2020-05-07 13:20:12.503571,Bluetooth,e5:77:66:f9:58:66,-46,12,1588872012.503571,39
2020-05-07 13:20:13.524371,Bluetooth,55:25:0e:31:e0:1e,-55,12,1588872013.524371,37
2020-05-07 13:20:13.533010,Bluetooth,55:25:0e:31:e0:1e,-51,12,1588872013.53301,38
2020-05-07 13:20:13.536706,Bluetooth,55:25:0e:31:e0:1e,-52,12,1588872013.536706,39
2020-05-07 13:20:13.797117,Bluetooth,55:25:0e:31:e0:1e,-55,12,1588872013.797117,37
2020-05-07 13:20:13.799751,Bluetooth,55:25:0e:31:e0:1e,-51,12,1588872013.799751,38
2020-05-07 13:20:13.801540,Bluetooth,55:25:0e:31:e0:1e,-48,12,1588872013.80154,39
2020-05-07 13:20:14.070048,Bluetooth,55:25:0e:31:e0:1e,-55,12,1588872014.070048,37
2020-05-07 13:20:14.074663,Bluetooth,55:25:0e:31:e0:1e,-51,12,1588872014.074663,38
2020-05-07 13:20:14.077669,Bluetooth,55:25:0e:31:e0:1e,-49,12,1588872014.077669,39
2020-05-07 13:20:14.341515,Bluetooth,55:25:0e:31:e0:1e,-55,12,1588872014.341515,37
2020-05-07 13:20:14.343487,Bluetooth,55:25:0e:31:e0:1e,-51,12,1588872014.343487,38
2020-05-07 13:20:14.344989,Bluetooth,55:25:0e:31:e0:1e,-49,12,1588872014.344989,39
2020-05-07 13:20:14.503821,Bluetooth,e5:77:66:f9:58:66,-55,12,1588872014.503821,37
2020-05-07 13:20:14.509198,Bluetooth,e5:77:66:f9:58:66,-51,12,1588872014.509198,38
2020-05-07 13:20:14.513681,Bluetooth,e5:77:66:f9:58:66,-48,12,1588872014.513681,39
2020-05-07 13:20:14.622033,Bluetooth,55:25:0e:31:e0:1e,-55,12,1588872014.622033,37
2020-05-07 13:20:14.626642,Bluetooth,55:25:0e:31:e0:1e,-51,12,1588872014.626642,38
2020-05-07 13:20:14.630420,Bluetooth,55:25:0e:31:e0:1e,-51,12,1588872014.63042,39
2020-05-07 13:20:14.892107,Bluetooth,55:25:0e:31:e0:1e,-55,12,1588872014.892107,37
2020-05-07 13:20:14.894690,Bluetooth,55:25:0e:31:e0:1e,-51,12,1588872014.89469,38
2020-05-07 13:20:14.896226,Bluetooth,55:25:0e:31:e0:1e,-47,12,1588872014.896226,39
2020-05-07 13:20:15.163133,Bluetooth,55:25:0e:31:e0:1e,-55,12,1588872015.163133,37
2020-05-07 13:20:15.165530,Bluetooth,55:25:0e:31:e0:1e,-51,12,1588872015.16553,38
2020-05-07 13:20:15.168008,Bluetooth,55:25:0e:31:e0:1e,-48,12,1588872015.168008,39
2020-05-07 13:20:15.435936,Bluetooth,55:25:0e:31:e0:1e,-55,12,1588872015.435936,37
2020-05-07 13:20:15.437932,Bluetooth,55:25:0e:31:e0:1e,-51,12,1588872015.437932,38
2020-05-07 13:20:15.439405,Bluetooth,55:25:0e:31:e0:1e,-48,12,1588872015.439405,39
2020-05-07 13:20:15.717057,Bluetooth,55:25:0e:31:e0:1e,-55,12,1588872015.717057,37
2020-05-07 13:20:15.721393,Bluetooth,55:25:0e:31:e0:1e,-51,12,1588872015.721393,38
2020-05-07 13:20:15.723043,Bluetooth,55:25:0e:31:e0:1e,-49,12,1588872015.723043,39
2020-05-07 13:20:16.503885,Bluetooth,e5:77:66:f9:58:66,-52,12,1588872016.503885,37
2020-05-07 13:20:16.509295,Bluetooth,e5:77:66:f9:58:66,-51,12,1588872016.509295,38
2020-05-07 13:20:16.511828,Bluetooth,e5:77:66:f9:58:66,-47,12,1588872016.511828,39
2020-05-07 13:20:16.808027,Bluetooth,55:25:0e:31:e0:1e,-55,12,1588872016.808027,37
2020-05-07 13:20:16.812736,Bluetooth,55:25:0e:31:e0:1e,-51,12,1588872016.812736,38
2020-05-07 13:20:16.816543,Bluetooth,55:25:0e:31:e0:1e,-48,12,1588872016.816543,39
2020-05-07 13:20:17.081621,Bluetooth,55:25:0e:31:e0:1e,-55,12,1588872017.081621,37
2020-05-07 13:20:17.083551,Bluetooth,55:25:0e:31:e0:1e,-51,12,1588872017.083551,38
2020-05-07 13:20:17.085356,Bluetooth,55:25:0e:31:e0:1e,-49,12,1588872017.085356,39
2020-05-07 13:20:17.355528,Bluetooth,55:25:0e:31:e0:1e,-55,12,1588872017.355528,37
2020-05-07 13:20:17.360544,Bluetooth,55:25:0e:31:e0:1e,-54,12,1588872017.360544,38
2020-05-07 13:20:17.364305,Bluetooth,55:25:0e:31:e0:1e,-48,12,1588872017.364305,39
2020-05-07 13:20:17.624211,Bluetooth,55:25:0e:31:e0:1e,-55,12,1588872017.624211,37
2020-05-07 13:20:17.626562,Bluetooth,55:25:0e:31:e0:1e,-51,12,1588872017.626562,38
2020-05-07 13:20:17.628118,Bluetooth,55:25:0e:31:e0:1e,-48,12,1588872017.628118,39
2020-05-07 13:20:17.904013,Bluetooth,55:25:0e:31:e0:1e,-55,12,1588872017.904013,37
2020-05-07 13:20:17.908782,Bluetooth,55:25:0e:31:e0:1e,-51,12,1588872017.908782,38
2020-05-07 13:20:17.912610,Bluetooth,55:25:0e:31:e0:1e,-51,12,1588872017.91261,39
2020-05-07 13:20:18.181195,Bluetooth,55:25:0e:31:e0:1e,-55,12,1588872018.181195,37
2020-05-07 13:20:18.183301,Bluetooth,55:25:0e:31:e0:1e,-50,12,1588872018.183301,38
2020-05-07 13:20:18.184999,Bluetooth,55:25:0e:31:e0:1e,-48,12,1588872018.184999,39
2020-05-07 13:20:18.453100,Bluetooth,55:25:0e:31:e0:1e,-55,12,1588872018.4531,37
2020-05-07 13:20:18.457746,Bluetooth,55:25:0e:31:e0:1e,-51,12,1588872018.457746,38
2020-05-07 13:20:18.461358,Bluetooth,55:25:0e:31:e0:1e,-49,12,1588872018.461358,39
2020-05-07 13:20:18.509813,Bluetooth,e5:77:66:f9:58:66,-56,12,1588872018.509813,37
2020-05-07 13:20:18.515313,Bluetooth,e5:77:66:f9:58:66,-51,12,1588872018.515313,38
2020-05-07 13:20:18.519878,Bluetooth,e5:77:66:f9:58:66,-48,12,1588872018.519878,39
2020-05-07 13:20:18.725075,Bluetooth,55:25:0e:31:e0:1e,-55,12,1588872018.725075,37
2020-05-07 13:20:18.736414,Bluetooth,55:25:0e:31:e0:1e,-51,12,1588872018.736414,38
2020-05-07 13:20:18.738037,Bluetooth,55:25:0e:31:e0:1e,-48,12,1588872018.738037,39
2020-05-07 13:20:18.999037,Bluetooth,55:25:0e:31:e0:1e,-55,12,1588872018.999037,37
2020-05-07 13:20:19.003625,Bluetooth,55:25:0e:31:e0:1e,-51,12,1588872019.003625,38
2020-05-07 13:20:19.007421,Bluetooth,55:25:0e:31:e0:1e,-49,12,1588872019.007421,39
2020-05-07 13:20:19.820049,Bluetooth,55:25:0e:31:e0:1e,-55,12,1588872019.820049,37
2020-05-07 13:20:19.824756,Bluetooth,55:25:0e:31:e0:1e,-51,12,1588872019.824756,38
2020-05-07 13:20:19.828529,Bluetooth,55:25:0e:31:e0:1e,-46,12,1588872019.828529,39
2020-05-07 13:20:20.100078,Bluetooth,55:25:0e:31:e0:1e,-55,12,1588872020.100078,37
2020-05-07 13:20:20.104748,Bluetooth,55:25:0e:31:e0:1e,-51,12,1588872020.104748,38
2020-05-07 13:20:20.109298,Bluetooth,55:25:0e:31:e0:1e,-48,12,1588872020.109298,39
2020-05-07 13:20:20.373028,Bluetooth,55:25:0e:31:e0:1e,-55,12,1588872020.373028,37
2020-05-07 13:20:20.374965,Bluetooth,55:25:0e:31:e0:1e,-51,12,1588872020.374965,38
2020-05-07 13:20:20.376481,Bluetooth,55:25:0e:31:e0:1e,-49,12,1588872020.376481,39
2020-05-07 13:20:20.514603,Bluetooth,e5:77:66:f9:58:66,-56,12,1588872020.514603,37
2020-05-07 13:20:20.517081,Bluetooth,e5:77:66:f9:58:66,-51,12,1588872020.517081,38
2020-05-07 13:20:20.519097,Bluetooth,e5:77:66:f9:58:66,-46,12,1588872020.519097,39
2020-05-07 13:20:20.653116,Bluetooth,55:25:0e:31:e0:1e,-55,12,1588872020.653116,37
2020-05-07 13:20:20.657477,Bluetooth,55:25:0e:31:e0:1e,-51,12,1588872020.657477,38
2020-05-07 13:20:20.659089,Bluetooth,55:25:0e:31:e0:1e,-48,12,1588872020.659089,39
2020-05-07 13:20:20.923063,Bluetooth,55:25:0e:31:e0:1e,-55,12,1588872020.923063,37
2020-05-07 13:20:20.925155,Bluetooth,55:25:0e:31:e0:1e,-51,12,1588872020.925155,38
2020-05-07 13:20:20.926850,Bluetooth,55:25:0e:31:e0:1e,-51,12,1588872020.92685,39
2020-05-07 13:20:21.204008,Bluetooth,55:25:0e:31:e0:1e,-55,12,1588872021.204008,37
2020-05-07 13:20:21.208410,Bluetooth,55:25:0e:31:e0:1e,-51,12,1588872021.20841,38
2020-05-07 13:20:21.211948,Bluetooth,55:25:0e:31:e0:1e,-52,12,1588872021.211948,39
2020-05-07 13:20:21.477473,Bluetooth,55:25:0e:31:e0:1e,-51,12,1588872021.477473,37
2020-05-07 13:20:21.479282,Bluetooth,55:25:0e:31:e0:1e,-51,12,1588872021.479282,38
2020-05-07 13:20:21.480813,Bluetooth,55:25:0e:31:e0:1e,-51,12,1588872021.480813,39
2020-05-07 13:20:21.757765,Bluetooth,55:25:0e:31:e0:1e,-55,12,1588872021.757765,37
2020-05-07 13:20:21.762310,Bluetooth,55:25:0e:31:e0:1e,-51,12,1588872021.76231,38
2020-05-07 13:20:21.766811,Bluetooth,55:25:0e:31:e0:1e,-48,12,1588872021.766811,39
2020-05-07 13:20:22.031333,Bluetooth,55:25:0e:31:e0:1e,-55,12,1588872022.031333,37
2020-05-07 13:20:22.033357,Bluetooth,55:25:0e:31:e0:1e,-51,12,1588872022.033357,38
2020-05-07 13:20:22.034844,Bluetooth,55:25:0e:31:e0:1e,-44,12,1588872022.034844,39
2020-05-07 13:20:22.313180,Bluetooth,55:25:0e:31:e0:1e,-55,12,1588872022.31318,37
2020-05-07 13:20:22.317762,Bluetooth,55:25:0e:31:e0:1e,-51,12,1588872022.317762,38
2020-05-07 13:20:22.321350,Bluetooth,55:25:0e:31:e0:1e,-48,12,1588872022.32135,39
2020-05-07 13:20:22.519956,Bluetooth,e5:77:66:f9:58:66,-55,12,1588872022.519956,37
2020-05-07 13:20:22.527714,Bluetooth,e5:77:66:f9:58:66,-51,12,1588872022.527714,38
2020-05-07 13:20:22.529990,Bluetooth,e5:77:66:f9:58:66,-46,12,1588872022.52999,39
2020-05-07 13:20:23.132143,Bluetooth,55:25:0e:31:e0:1e,-55,12,1588872023.132143,37
2020-05-07 13:20:23.134316,Bluetooth,55:25:0e:31:e0:1e,-51,12,1588872023.134316,38
2020-05-07 13:20:23.136009,Bluetooth,55:25:0e:31:e0:1e,-49,12,1588872023.136009,39
2020-05-07 13:20:23.408188,Bluetooth,55:25:0e:31:e0:1e,-55,12,1588872023.408188,37
2020-05-07 13:20:23.412925,Bluetooth,55:25:0e:31:e0:1e,-51,12,1588872023.412925,38
2020-05-07 13:20:23.416833,Bluetooth,55:25:0e:31:e0:1e,-46,12,1588872023.416833,39
2020-05-07 13:20:23.679742,Bluetooth,55:25:0e:31:e0:1e,-55,12,1588872023.679742,37
2020-05-07 13:20:23.682652,Bluetooth,55:25:0e:31:e0:1e,-51,12,1588872023.682652,38
2020-05-07 13:20:23.684193,Bluetooth,55:25:0e:31:e0:1e,-51,12,1588872023.684193,39
2020-05-07 13:20:23.954578,Bluetooth,55:25:0e:31:e0:1e,-55,12,1588872023.954578,37
2020-05-07 13:20:23.956533,Bluetooth,55:25:0e:31:e0:1e,-51,12,1588872023.956533,38
2020-05-07 13:20:23.958164,Bluetooth,55:25:0e:31:e0:1e,-48,12,1588872023.958164,39
2020-05-07 13:20:24.229457,Bluetooth,55:25:0e:31:e0:1e,-55,12,1588872024.229457,37
2020-05-07 13:20:24.231394,Bluetooth,55:25:0e:31:e0:1e,-51,12,1588872024.231394,38
2020-05-07 13:20:24.234064,Bluetooth,55:25:0e:31:e0:1e,-46,12,1588872024.234064,39
2020-05-07 13:20:24.503431,Bluetooth,55:25:0e:31:e0:1e,-55,12,1588872024.503431,37
2020-05-07 13:20:24.508498,Bluetooth,55:25:0e:31:e0:1e,-51,12,1588872024.508498,38
2020-05-07 13:20:24.510573,Bluetooth,55:25:0e:31:e0:1e,-46,12,1588872024.510573,39
2020-05-07 13:20:24.518496,Bluetooth,e5:77:66:f9:58:66,-56,12,1588872024.518496,37
2020-05-07 13:20:24.521209,Bluetooth,e5:77:66:f9:58:66,-51,12,1588872024.521209,38
2020-05-07 13:20:24.524120,Bluetooth,e5:77:66:f9:58:66,-46,12,1588872024.52412,39
2020-05-07 13:20:24.774178,Bluetooth,55:25:0e:31:e0:1e,-55,12,1588872024.774178,37
2020-05-07 13:20:24.779110,Bluetooth,55:25:0e:31:e0:1e,-51,12,1588872024.77911,38
2020-05-07 13:20:24.781180,Bluetooth,55:25:0e:31:e0:1e,-48,12,1588872024.78118,39
2020-05-07 13:20:25.043150,Bluetooth,55:25:0e:31:e0:1e,-55,12,1588872025.04315,37
2020-05-07 13:20:25.045403,Bluetooth,55:25:0e:31:e0:1e,-51,12,1588872025.045403,38
2020-05-07 13:20:25.047138,Bluetooth,55:25:0e:31:e0:1e,-48,12,1588872025.047138,39
2020-05-07 13:20:25.313115,Bluetooth,55:25:0e:31:e0:1e,-55,12,1588872025.313115,37
2020-05-07 13:20:25.315097,Bluetooth,55:25:0e:31:e0:1e,-49,12,1588872025.315097,38
2020-05-07 13:20:25.316701,Bluetooth,55:25:0e:31:e0:1e,-52,12,1588872025.316701,39
2020-05-07 13:20:26.418302,Bluetooth,55:25:0e:31:e0:1e,-55,12,1588872026.418302,37
2020-05-07 13:20:26.423012,Bluetooth,55:25:0e:31:e0:1e,-51,12,1588872026.423012,38
2020-05-07 13:20:26.425292,Bluetooth,55:25:0e:31:e0:1e,-46,12,1588872026.425292,39
2020-05-07 13:20:26.530081,Bluetooth,e5:77:66:f9:58:66,-57,12,1588872026.530081,37
2020-05-07 13:20:26.535492,Bluetooth,e5:77:66:f9:58:66,-51,12,1588872026.535492,38
2020-05-07 13:20:26.538263,Bluetooth,e5:77:66:f9:58:66,-46,12,1588872026.538263,39
2020-05-07 13:20:26.695222,Bluetooth,55:25:0e:31:e0:1e,-55,12,1588872026.695222,37
2020-05-07 13:20:26.699782,Bluetooth,55:25:0e:31:e0:1e,-51,12,1588872026.699782,38
2020-05-07 13:20:26.703614,Bluetooth,55:25:0e:31:e0:1e,-48,12,1588872026.703614,39
2020-05-07 13:20:26.967265,Bluetooth,55:25:0e:31:e0:1e,-55,12,1588872026.967265,37
2020-05-07 13:20:26.969383,Bluetooth,55:25:0e:31:e0:1e,-51,12,1588872026.969383,38
2020-05-07 13:20:26.970908,Bluetooth,55:25:0e:31:e0:1e,-48,12,1588872026.970908,39
2020-05-07 13:20:27.244358,Bluetooth,55:25:0e:31:e0:1e,-55,12,1588872027.244358,37
2020-05-07 13:20:27.248972,Bluetooth,55:25:0e:31:e0:1e,-51,12,1588872027.248972,38
2020-05-07 13:20:27.251212,Bluetooth,55:25:0e:31:e0:1e,-46,12,1588872027.251212,39
2020-05-07 13:20:27.512536,Bluetooth,55:25:0e:31:e0:1e,-55,12,1588872027.512536,37
2020-05-07 13:20:27.514647,Bluetooth,55:25:0e:31:e0:1e,-51,12,1588872027.514647,38
2020-05-07 13:20:27.516957,Bluetooth,55:25:0e:31:e0:1e,-51,12,1588872027.516957,39
2020-05-07 13:20:27.784559,Bluetooth,55:25:0e:31:e0:1e,-55,12,1588872027.784559,37
2020-05-07 13:20:27.788926,Bluetooth,55:25:0e:31:e0:1e,-51,12,1588872027.788926,38
2020-05-07 13:20:27.792806,Bluetooth,55:25:0e:31:e0:1e,-48,12,1588872027.792806,39
2020-05-07 13:20:28.057889,Bluetooth,55:25:0e:31:e0:1e,-55,12,1588872028.057889,37
2020-05-07 13:20:28.059883,Bluetooth,55:25:0e:31:e0:1e,-51,12,1588872028.059883,38
2020-05-07 13:20:28.061424,Bluetooth,55:25:0e:31:e0:1e,-44,12,1588872028.061424,39
2020-05-07 13:20:28.327147,Bluetooth,55:25:0e:31:e0:1e,-55,12,1588872028.327147,37
2020-05-07 13:20:28.329245,Bluetooth,55:25:0e:31:e0:1e,-51,12,1588872028.329245,38
2020-05-07 13:20:28.330869,Bluetooth,55:25:0e:31:e0:1e,-46,12,1588872028.330869,39
2020-05-07 13:20:28.534997,Bluetooth,e5:77:66:f9:58:66,-56,12,1588872028.534997,37
2020-05-07 13:20:28.540460,Bluetooth,e5:77:66:f9:58:66,-51,12,1588872028.54046,38
2020-05-07 13:20:28.545064,Bluetooth,e5:77:66:f9:58:66,-46,12,1588872028.545064,39
2020-05-07 13:20:28.606249,Bluetooth,55:25:0e:31:e0:1e,-55,12,1588872028.606249,37
2020-05-07 13:20:28.610827,Bluetooth,55:25:0e:31:e0:1e,-50,12,1588872028.610827,38
2020-05-07 13:20:28.614427,Bluetooth,55:25:0e:31:e0:1e,-48,12,1588872028.614427,39
2020-05-07 13:20:29.434593,Bluetooth,55:25:0e:31:e0:1e,-55,12,1588872029.434593,37
2020-05-07 13:20:29.439408,Bluetooth,55:25:0e:31:e0:1e,-51,12,1588872029.439408,38
2020-05-07 13:20:29.443413,Bluetooth,55:25:0e:31:e0:1e,-48,12,1588872029.443413,39
2020-05-07 13:20:29.706679,Bluetooth,55:25:0e:31:e0:1e,-55,12,1588872029.706679,37
2020-05-07 13:20:29.708725,Bluetooth,55:25:0e:31:e0:1e,-51,12,1588872029.708725,38
2020-05-07 13:20:29.710371,Bluetooth,55:25:0e:31:e0:1e,-51,12,1588872029.710371,39
2020-05-07 13:20:29.985381,Bluetooth,55:25:0e:31:e0:1e,-55,12,1588872029.985381,37
2020-05-07 13:20:29.989721,Bluetooth,55:25:0e:31:e0:1e,-51,12,1588872029.989721,38
2020-05-07 13:20:29.993335,Bluetooth,55:25:0e:31:e0:1e,-51,12,1588872029.993335,39
2020-05-07 13:20:30.257906,Bluetooth,55:25:0e:31:e0:1e,-55,12,1588872030.257906,37
2020-05-07 13:20:30.260039,Bluetooth,55:25:0e:31:e0:1e,-51,12,1588872030.260039,38
2020-05-07 13:20:30.261809,Bluetooth,55:25:0e:31:e0:1e,-51,12,1588872030.261809,39
2020-05-07 13:20:30.529638,Bluetooth,55:25:0e:31:e0:1e,-55,12,1588872030.529638,37
2020-05-07 13:20:30.535079,Bluetooth,55:25:0e:31:e0:1e,-51,12,1588872030.535079,38
2020-05-07 13:20:30.537812,Bluetooth,55:25:0e:31:e0:1e,-46,12,1588872030.537812,39
2020-05-07 13:20:30.539832,Bluetooth,e5:77:66:f9:58:66,-56,12,1588872030.539832,37
2020-05-07 13:20:30.541954,Bluetooth,e5:77:66:f9:58:66,-51,12,1588872030.541954,38
2020-05-07 13:20:30.543923,Bluetooth,e5:77:66:f9:58:66,-48,12,1588872030.543923,39
2020-05-07 13:20:30.801902,Bluetooth,55:25:0e:31:e0:1e,-55,12,1588872030.801902,37
2020-05-07 13:20:30.806814,Bluetooth,55:25:0e:31:e0:1e,-51,12,1588872030.806814,38
2020-05-07 13:20:30.809209,Bluetooth,55:25:0e:31:e0:1e,-48,12,1588872030.809209,39
2020-05-07 13:20:31.081347,Bluetooth,55:25:0e:31:e0:1e,-55,12,1588872031.081347,37
2020-05-07 13:20:31.086042,Bluetooth,55:25:0e:31:e0:1e,-51,12,1588872031.086042,38
2020-05-07 13:20:31.089484,Bluetooth,55:25:0e:31:e0:1e,-51,12,1588872031.089484,39
2020-05-07 13:20:31.358201,Bluetooth,55:25:0e:31:e0:1e,-55,12,1588872031.358201,37
2020-05-07 13:20:31.360009,Bluetooth,55:25:0e:31:e0:1e,-51,12,1588872031.360009,38
2020-05-07 13:20:31.361501,Bluetooth,55:25:0e:31:e0:1e,-52,12,1588872031.361501,39
2020-05-07 13:20:31.638360,Bluetooth,55:25:0e:31:e0:1e,-55,12,1588872031.63836,37
2020-05-07 13:20:31.642577,Bluetooth,55:25:0e:31:e0:1e,-51,12,1588872031.642577,38
2020-05-07 13:20:31.646183,Bluetooth,55:25:0e:31:e0:1e,-52,12,1588872031.646183,39
2020-05-07 13:20:31.909837,Bluetooth,55:25:0e:31:e0:1e,-55,12,1588872031.909837,37
2020-05-07 13:20:31.912289,Bluetooth,55:25:0e:31:e0:1e,-51,12,1588872031.912289,38
2020-05-07 13:20:31.913786,Bluetooth,55:25:0e:31:e0:1e,-48,12,1588872031.913786,39
2020-05-07 13:20:32.533993,Bluetooth,e5:77:66:f9:58:66,-56,12,1588872032.533993,37
2020-05-07 13:20:32.536625,Bluetooth,e5:77:66:f9:58:66,-51,12,1588872032.536625,38
2020-05-07 13:20:32.538760,Bluetooth,e5:77:66:f9:58:66,-48,12,1588872032.53876,39
2020-05-07 13:20:32.733508,Bluetooth,55:25:0e:31:e0:1e,-55,12,1588872032.733508,37
2020-05-07 13:20:32.738176,Bluetooth,55:25:0e:31:e0:1e,-51,12,1588872032.738176,38
2020-05-07 13:20:32.741961,Bluetooth,55:25:0e:31:e0:1e,-46,12,1588872032.741961,39
2020-05-07 13:20:33.004458,Bluetooth,55:25:0e:31:e0:1e,-55,12,1588872033.004458,37
2020-05-07 13:20:33.006677,Bluetooth,55:25:0e:31:e0:1e,-51,12,1588872033.006677,38
2020-05-07 13:20:33.008203,Bluetooth,55:25:0e:31:e0:1e,-47,12,1588872033.008203,39
2020-05-07 13:20:33.285329,Bluetooth,55:25:0e:31:e0:1e,-55,12,1588872033.285329,37
2020-05-07 13:20:33.289921,Bluetooth,55:25:0e:31:e0:1e,-51,12,1588872033.289921,38
2020-05-07 13:20:33.293438,Bluetooth,55:25:0e:31:e0:1e,-48,12,1588872033.293438,39
2020-05-07 13:20:33.563303,Bluetooth,55:25:0e:31:e0:1e,-55,12,1588872033.563303,37
2020-05-07 13:20:33.565514,Bluetooth,55:25:0e:31:e0:1e,-55,12,1588872033.565514,38
2020-05-07 13:20:33.567181,Bluetooth,55:25:0e:31:e0:1e,-49,12,1588872033.567181,39
2020-05-07 13:20:33.844446,Bluetooth,55:25:0e:31:e0:1e,-55,12,1588872033.844446,37
2020-05-07 13:20:33.849056,Bluetooth,55:25:0e:31:e0:1e,-51,12,1588872033.849056,38
2020-05-07 13:20:33.852969,Bluetooth,55:25:0e:31:e0:1e,-52,12,1588872033.852969,39
2020-05-07 13:20:34.121286,Bluetooth,55:25:0e:31:e0:1e,-55,12,1588872034.121286,37
2020-05-07 13:20:34.127195,Bluetooth,55:25:0e:31:e0:1e,-51,12,1588872034.127195,38
2020-05-07 13:20:34.130634,Bluetooth,55:25:0e:31:e0:1e,-48,12,1588872034.130634,39
2020-05-07 13:20:34.394411,Bluetooth,55:25:0e:31:e0:1e,-55,12,1588872034.394411,37
2020-05-07 13:20:34.399033,Bluetooth,55:25:0e:31:e0:1e,-51,12,1588872034.399033,38
2020-05-07 13:20:34.402806,Bluetooth,55:25:0e:31:e0:1e,-52,12,1588872034.402806,39
2020-05-07 13:20:34.668459,Bluetooth,55:25:0e:31:e0:1e,-55,12,1588872034.668459,37
2020-05-07 13:20:34.670302,Bluetooth,55:25:0e:31:e0:1e,-51,12,1588872034.670302,38
2020-05-07 13:20:34.671768,Bluetooth,55:25:0e:31:e0:1e,-44,12,1588872034.671768,39
2020-05-07 13:20:34.941374,Bluetooth,55:25:0e:31:e0:1e,-55,12,1588872034.941374,37
2020-05-07 13:20:34.946806,Bluetooth,55:25:0e:31:e0:1e,-51,12,1588872034.946806,38
2020-05-07 13:20:34.949140,Bluetooth,55:25:0e:31:e0:1e,-48,12,1588872034.94914,39
2020-05-07 13:20:35.213917,Bluetooth,55:25:0e:31:e0:1e,-55,12,1588872035.213917,37
2020-05-07 13:20:35.215879,Bluetooth,55:25:0e:31:e0:1e,-51,12,1588872035.215879,38
2020-05-07 13:20:35.217372,Bluetooth,55:25:0e:31:e0:1e,-48,12,1588872035.217372,39
2020-05-07 13:20:36.316415,Bluetooth,55:25:0e:31:e0:1e,-55,12,1588872036.316415,37
2020-05-07 13:20:36.321168,Bluetooth,55:25:0e:31:e0:1e,-51,12,1588872036.321168,38
2020-05-07 13:20:36.325024,Bluetooth,55:25:0e:31:e0:1e,-49,12,1588872036.325024,39
2020-05-07 13:20:36.542139,Bluetooth,e5:77:66:f9:58:66,-55,12,1588872036.542139,37
2020-05-07 13:20:36.547556,Bluetooth,e5:77:66:f9:58:66,-52,12,1588872036.547556,38
2020-05-07 13:20:36.550110,Bluetooth,e5:77:66:f9:58:66,-46,12,1588872036.55011,39
2020-05-07 13:20:36.591309,Bluetooth,55:25:0e:31:e0:1e,-55,12,1588872036.591309,37
2020-05-07 13:20:36.595838,Bluetooth,55:25:0e:31:e0:1e,-51,12,1588872036.595838,38
2020-05-07 13:20:36.599593,Bluetooth,55:25:0e:31:e0:1e,-48,12,1588872036.599593,39
2020-05-07 13:20:36.867776,Bluetooth,55:25:0e:31:e0:1e,-55,12,1588872036.867776,37
2020-05-07 13:20:36.869734,Bluetooth,55:25:0e:31:e0:1e,-51,12,1588872036.869734,38
2020-05-07 13:20:36.871235,Bluetooth,55:25:0e:31:e0:1e,-49,12,1588872036.871235,39
2020-05-07 13:20:37.149437,Bluetooth,55:25:0e:31:e0:1e,-55,12,1588872037.149437,37
2020-05-07 13:20:37.154099,Bluetooth,55:25:0e:31:e0:1e,-51,12,1588872037.154099,38
2020-05-07 13:20:37.157489,Bluetooth,55:25:0e:31:e0:1e,-49,12,1588872037.157489,39
2020-05-07 13:20:37.420694,Bluetooth,55:25:0e:31:e0:1e,-55,12,1588872037.420694,37
2020-05-07 13:20:37.422928,Bluetooth,55:25:0e:31:e0:1e,-51,12,1588872037.422928,38
2020-05-07 13:20:37.424487,Bluetooth,55:25:0e:31:e0:1e,-48,12,1588872037.424487,39
2020-05-07 13:20:37.699460,Bluetooth,55:25:0e:31:e0:1e,-55,12,1588872037.69946,37
2020-05-07 13:20:37.704073,Bluetooth,55:25:0e:31:e0:1e,-51,12,1588872037.704073,38
2020-05-07 13:20:37.707918,Bluetooth,55:25:0e:31:e0:1e,-46,12,1588872037.707918,39
2020-05-07 13:20:37.969990,Bluetooth,55:25:0e:31:e0:1e,-55,12,1588872037.96999,37
2020-05-07 13:20:37.972341,Bluetooth,55:25:0e:31:e0:1e,-51,12,1588872037.972341,38
2020-05-07 13:20:37.974015,Bluetooth,55:25:0e:31:e0:1e,-46,12,1588872037.974015,39
2020-05-07 13:20:38.244559,Bluetooth,55:25:0e:31:e0:1e,-55,12,1588872038.244559,37
2020-05-07 13:20:38.249280,Bluetooth,55:25:0e:31:e0:1e,-51,12,1588872038.24928,38
2020-05-07 13:20:38.253210,Bluetooth,55:25:0e:31:e0:1e,-49,12,1588872038.25321,39
2020-05-07 13:20:38.518596,Bluetooth,55:25:0e:31:e0:1e,-55,12,1588872038.518596,37
2020-05-07 13:20:38.520741,Bluetooth,55:25:0e:31:e0:1e,-51,12,1588872038.520741,38
2020-05-07 13:20:38.522449,Bluetooth,55:25:0e:31:e0:1e,-48,12,1588872038.522449,39
2020-05-07 13:20:38.549708,Bluetooth,e5:77:66:f9:58:66,-56,12,1588872038.549708,37
2020-05-07 13:20:38.552173,Bluetooth,e5:77:66:f9:58:66,-54,12,1588872038.552173,38
2020-05-07 13:20:38.554280,Bluetooth,e5:77:66:f9:58:66,-48,12,1588872038.55428,39
2020-05-07 13:20:38.794546,Bluetooth,55:25:0e:31:e0:1e,-55,12,1588872038.794546,37
2020-05-07 13:20:38.799164,Bluetooth,55:25:0e:31:e0:1e,-51,12,1588872038.799164,38
2020-05-07 13:20:38.802947,Bluetooth,55:25:0e:31:e0:1e,-46,12,1588872038.802947,39
2020-05-07 13:20:39.628031,Bluetooth,55:25:0e:31:e0:1e,-55,12,1588872039.628031,37
2020-05-07 13:20:39.632628,Bluetooth,55:25:0e:31:e0:1e,-51,12,1588872039.632628,38
2020-05-07 13:20:39.636574,Bluetooth,55:25:0e:31:e0:1e,-48,12,1588872039.636574,39
2020-05-07 13:20:39.904462,Bluetooth,55:25:0e:31:e0:1e,-55,12,1588872039.904462,37
2020-05-07 13:20:39.908836,Bluetooth,55:25:0e:31:e0:1e,-51,12,1588872039.908836,38
2020-05-07 13:20:39.910469,Bluetooth,55:25:0e:31:e0:1e,-51,12,1588872039.910469,39
2020-05-07 13:20:40.172600,Bluetooth,55:25:0e:31:e0:1e,-55,12,1588872040.1726,37
2020-05-07 13:20:40.174460,Bluetooth,55:25:0e:31:e0:1e,-51,12,1588872040.17446,38
2020-05-07 13:20:40.176039,Bluetooth,55:25:0e:31:e0:1e,-48,12,1588872040.176039,39
2020-05-07 13:20:40.454676,Bluetooth,55:25:0e:31:e0:1e,-55,12,1588872040.454676,37
2020-05-07 13:20:40.459550,Bluetooth,55:25:0e:31:e0:1e,-51,12,1588872040.45955,38
2020-05-07 13:20:40.463426,Bluetooth,55:25:0e:31:e0:1e,-48,12,1588872040.463426,39
2020-05-07 13:20:40.727632,Bluetooth,55:25:0e:31:e0:1e,-55,12,1588872040.727632,37
2020-05-07 13:20:40.729647,Bluetooth,55:25:0e:31:e0:1e,-51,12,1588872040.729647,38
2020-05-07 13:20:40.731126,Bluetooth,55:25:0e:31:e0:1e,-46,12,1588872040.731126,39
2020-05-07 13:20:41.006516,Bluetooth,55:25:0e:31:e0:1e,-55,12,1588872041.006516,37
2020-05-07 13:20:41.011179,Bluetooth,55:25:0e:31:e0:1e,-50,12,1588872041.011179,38
2020-05-07 13:20:41.014926,Bluetooth,55:25:0e:31:e0:1e,-47,12,1588872041.014926,39
2020-05-07 13:20:41.280388,Bluetooth,55:25:0e:31:e0:1e,-55,12,1588872041.280388,37
2020-05-07 13:20:41.282376,Bluetooth,55:25:0e:31:e0:1e,-51,12,1588872041.282376,38
2020-05-07 13:20:41.283901,Bluetooth,55:25:0e:31:e0:1e,-48,12,1588872041.283901,39
2020-05-07 13:20:41.555720,Bluetooth,55:25:0e:31:e0:1e,-55,12,1588872041.55572,37
2020-05-07 13:20:41.560158,Bluetooth,55:25:0e:31:e0:1e,-51,12,1588872041.560158,38
2020-05-07 13:20:41.561833,Bluetooth,55:25:0e:31:e0:1e,-46,12,1588872041.561833,39
2020-05-07 13:20:41.826139,Bluetooth,55:25:0e:31:e0:1e,-55,12,1588872041.826139,37
2020-05-07 13:20:41.828135,Bluetooth,55:25:0e:31:e0:1e,-54,12,1588872041.828135,38
2020-05-07 13:20:41.829675,Bluetooth,55:25:0e:31:e0:1e,-49,12,1588872041.829675,39
2020-05-07 13:20:42.104451,Bluetooth,55:25:0e:31:e0:1e,-55,12,1588872042.104451,37
2020-05-07 13:20:42.106738,Bluetooth,55:25:0e:31:e0:1e,-51,12,1588872042.106738,38
2020-05-07 13:20:42.109717,Bluetooth,55:25:0e:31:e0:1e,-51,12,1588872042.109717,39
2020-05-07 13:20:42.565361,Bluetooth,e5:77:66:f9:58:66,-55,12,1588872042.565361,37
2020-05-07 13:20:42.570751,Bluetooth,e5:77:66:f9:58:66,-51,12,1588872042.570751,38
2020-05-07 13:20:42.573245,Bluetooth,e5:77:66:f9:58:66,-46,12,1588872042.573245,39
2020-05-07 13:20:42.924519,Bluetooth,55:25:0e:31:e0:1e,-55,12,1588872042.924519,37
2020-05-07 13:20:42.929091,Bluetooth,55:25:0e:31:e0:1e,-51,12,1588872042.929091,38
2020-05-07 13:20:42.933145,Bluetooth,55:25:0e:31:e0:1e,-47,12,1588872042.933145,39
2020-05-07 13:20:43.196483,Bluetooth,55:25:0e:31:e0:1e,-55,12,1588872043.196483,37
2020-05-07 13:20:43.201889,Bluetooth,55:25:0e:31:e0:1e,-51,12,1588872043.201889,38
2020-05-07 13:20:43.205412,Bluetooth,55:25:0e:31:e0:1e,-48,12,1588872043.205412,39
2020-05-07 13:20:43.472486,Bluetooth,55:25:0e:31:e0:1e,-55,12,1588872043.472486,37
2020-05-07 13:20:43.474463,Bluetooth,55:25:0e:31:e0:1e,-51,12,1588872043.474463,38
2020-05-07 13:20:43.475903,Bluetooth,55:25:0e:31:e0:1e,-48,12,1588872043.475903,39
2020-05-07 13:20:43.751542,Bluetooth,55:25:0e:31:e0:1e,-55,12,1588872043.751542,37
2020-05-07 13:20:43.756106,Bluetooth,55:25:0e:31:e0:1e,-50,12,1588872043.756106,38
2020-05-07 13:20:43.759878,Bluetooth,55:25:0e:31:e0:1e,-47,12,1588872043.759878,39
2020-05-07 13:20:44.020444,Bluetooth,55:25:0e:31:e0:1e,-55,12,1588872044.020444,37
2020-05-07 13:20:44.022731,Bluetooth,55:25:0e:31:e0:1e,-51,12,1588872044.022731,38
2020-05-07 13:20:44.024362,Bluetooth,55:25:0e:31:e0:1e,-51,12,1588872044.024362,39
2020-05-07 13:20:44.296962,Bluetooth,55:25:0e:31:e0:1e,-55,12,1588872044.296962,37
2020-05-07 13:20:44.301308,Bluetooth,55:25:0e:31:e0:1e,-51,12,1588872044.301308,38
2020-05-07 13:20:44.305058,Bluetooth,55:25:0e:31:e0:1e,-48,12,1588872044.305058,39
2020-05-07 13:20:44.564773,Bluetooth,e5:77:66:f9:58:66,-56,12,1588872044.564773,37
2020-05-07 13:20:44.569365,Bluetooth,e5:77:66:f9:58:66,-51,12,1588872044.569365,38
2020-05-07 13:20:44.571809,Bluetooth,e5:77:66:f9:58:66,-48,12,1588872044.571809,39
2020-05-07 13:20:44.573674,Bluetooth,55:25:0e:31:e0:1e,-55,12,1588872044.573674,37
2020-05-07 13:20:44.575244,Bluetooth,55:25:0e:31:e0:1e,-51,12,1588872044.575244,38
2020-05-07 13:20:44.576803,Bluetooth,55:25:0e:31:e0:1e,-48,12,1588872044.576803,39
2020-05-07 13:20:44.844608,Bluetooth,55:25:0e:31:e0:1e,-55,12,1588872044.844608,37
2020-05-07 13:20:44.853353,Bluetooth,55:25:0e:31:e0:1e,-51,12,1588872044.853353,38
2020-05-07 13:20:44.854954,Bluetooth,55:25:0e:31:e0:1e,-51,12,1588872044.854954,39
2020-05-07 13:20:45.116863,Bluetooth,55:25:0e:31:e0:1e,-55,12,1588872045.116863,37
2020-05-07 13:20:45.119034,Bluetooth,55:25:0e:31:e0:1e,-50,12,1588872045.119034,38
2020-05-07 13:20:45.120690,Bluetooth,55:25:0e:31:e0:1e,-51,12,1588872045.12069,39
2020-05-07 13:20:45.392570,Bluetooth,55:25:0e:31:e0:1e,-55,12,1588872045.39257,37
2020-05-07 13:20:45.396890,Bluetooth,55:25:0e:31:e0:1e,-51,12,1588872045.39689,38
2020-05-07 13:20:45.400588,Bluetooth,55:25:0e:31:e0:1e,-46,12,1588872045.400588,39
2020-05-07 13:20:45.665134,Bluetooth,55:25:0e:31:e0:1e,-55,12,1588872045.665134,37
2020-05-07 13:20:45.667140,Bluetooth,55:25:0e:31:e0:1e,-51,12,1588872045.66714,38
2020-05-07 13:20:45.668640,Bluetooth,55:25:0e:31:e0:1e,-52,12,1588872045.66864,39
2020-05-07 13:20:46.223550,Bluetooth,55:25:0e:31:e0:1e,-55,12,1588872046.22355,37
2020-05-07 13:20:46.225573,Bluetooth,55:25:0e:31:e0:1e,-51,12,1588872046.225573,38
2020-05-07 13:20:46.227319,Bluetooth,55:25:0e:31:e0:1e,-52,12,1588872046.227319,39
2020-05-07 13:20:46.495611,Bluetooth,55:25:0e:31:e0:1e,-55,12,1588872046.495611,37
2020-05-07 13:20:46.499762,Bluetooth,55:25:0e:31:e0:1e,-51,12,1588872046.499762,38
2020-05-07 13:20:46.503357,Bluetooth,55:25:0e:31:e0:1e,-48,12,1588872046.503357,39
2020-05-07 13:20:46.764130,Bluetooth,55:25:0e:31:e0:1e,-55,12,1588872046.76413,37
2020-05-07 13:20:46.766470,Bluetooth,55:25:0e:31:e0:1e,-51,12,1588872046.76647,38
2020-05-07 13:20:46.768111,Bluetooth,55:25:0e:31:e0:1e,-48,12,1588872046.768111,39
2020-05-07 13:20:47.044732,Bluetooth,55:25:0e:31:e0:1e,-55,12,1588872047.044732,37
2020-05-07 13:20:47.049544,Bluetooth,55:25:0e:31:e0:1e,-51,12,1588872047.049544,38
2020-05-07 13:20:47.051772,Bluetooth,55:25:0e:31:e0:1e,-46,12,1588872047.051772,39
2020-05-07 13:20:47.313913,Bluetooth,55:25:0e:31:e0:1e,-55,12,1588872047.313913,37
2020-05-07 13:20:47.316185,Bluetooth,55:25:0e:31:e0:1e,-51,12,1588872047.316185,38
2020-05-07 13:20:47.317776,Bluetooth,55:25:0e:31:e0:1e,-52,12,1588872047.317776,39
2020-05-07 13:20:47.584667,Bluetooth,55:25:0e:31:e0:1e,-55,12,1588872047.584667,37
2020-05-07 13:20:47.588927,Bluetooth,55:25:0e:31:e0:1e,-51,12,1588872047.588927,38
2020-05-07 13:20:47.592669,Bluetooth,55:25:0e:31:e0:1e,-46,12,1588872047.592669,39
2020-05-07 13:20:47.858171,Bluetooth,55:25:0e:31:e0:1e,-55,12,1588872047.858171,37
2020-05-07 13:20:47.860084,Bluetooth,55:25:0e:31:e0:1e,-51,12,1588872047.860084,38
2020-05-07 13:20:47.861652,Bluetooth,55:25:0e:31:e0:1e,-52,12,1588872047.861652,39
2020-05-07 13:20:48.130068,Bluetooth,55:25:0e:31:e0:1e,-55,12,1588872048.130068,37
2020-05-07 13:20:48.132448,Bluetooth,55:25:0e:31:e0:1e,-51,12,1588872048.132448,38
2020-05-07 13:20:48.134194,Bluetooth,55:25:0e:31:e0:1e,-48,12,1588872048.134194,39
2020-05-07 13:20:48.399558,Bluetooth,55:25:0e:31:e0:1e,-55,12,1588872048.399558,37
2020-05-07 13:20:48.401533,Bluetooth,55:25:0e:31:e0:1e,-51,12,1588872048.401533,38
2020-05-07 13:20:48.403012,Bluetooth,55:25:0e:31:e0:1e,-44,12,1588872048.403012,39
2020-05-07 13:20:48.571063,Bluetooth,e5:77:66:f9:58:66,-56,12,1588872048.571063,37
2020-05-07 13:20:48.573381,Bluetooth,e5:77:66:f9:58:66,-51,12,1588872048.573381,38
2020-05-07 13:20:48.575322,Bluetooth,e5:77:66:f9:58:66,-48,12,1588872048.575322,39
2020-05-07 13:20:49.229992,Bluetooth,55:25:0e:31:e0:1e,-55,12,1588872049.229992,37
2020-05-07 13:20:49.234830,Bluetooth,55:25:0e:31:e0:1e,-51,12,1588872049.23483,38
2020-05-07 13:20:49.238359,Bluetooth,55:25:0e:31:e0:1e,-51,12,1588872049.238359,39
2020-05-07 13:20:49.512068,Bluetooth,55:25:0e:31:e0:1e,-55,12,1588872049.512068,37
2020-05-07 13:20:49.516597,Bluetooth,55:25:0e:31:e0:1e,-50,12,1588872049.516597,38
2020-05-07 13:20:49.518503,Bluetooth,55:25:0e:31:e0:1e,-52,12,1588872049.518503,39
2020-05-07 13:20:49.785784,Bluetooth,55:25:0e:31:e0:1e,-55,12,1588872049.785784,37
2020-05-07 13:20:49.787682,Bluetooth,55:25:0e:31:e0:1e,-51,12,1588872049.787682,38
2020-05-07 13:20:49.789236,Bluetooth,55:25:0e:31:e0:1e,-46,12,1588872049.789236,39
2020-05-07 13:20:50.067067,Bluetooth,55:25:0e:31:e0:1e,-55,12,1588872050.067067,37
2020-05-07 13:20:50.075577,Bluetooth,55:25:0e:31:e0:1e,-51,12,1588872050.075577,38
2020-05-07 13:20:50.079429,Bluetooth,55:25:0e:31:e0:1e,-46,12,1588872050.079429,39
2020-05-07 13:20:50.339849,Bluetooth,55:25:0e:31:e0:1e,-55,12,1588872050.339849,37
2020-05-07 13:20:50.342752,Bluetooth,55:25:0e:31:e0:1e,-51,12,1588872050.342752,38
2020-05-07 13:20:50.344506,Bluetooth,55:25:0e:31:e0:1e,-52,12,1588872050.344506,39
2020-05-07 13:20:50.578574,Bluetooth,e5:77:66:f9:58:66,-56,12,1588872050.578574,37
2020-05-07 13:20:50.582621,Bluetooth,e5:77:66:f9:58:66,-51,12,1588872050.582621,38
2020-05-07 13:20:50.584793,Bluetooth,e5:77:66:f9:58:66,-45,12,1588872050.584793,39
2020-05-07 13:20:50.607562,Bluetooth,55:25:0e:31:e0:1e,-55,12,1588872050.607562,37
2020-05-07 13:20:50.609402,Bluetooth,55:25:0e:31:e0:1e,-51,12,1588872050.609402,38
2020-05-07 13:20:50.611132,Bluetooth,55:25:0e:31:e0:1e,-46,12,1588872050.611132,39
2020-05-07 13:20:50.877568,Bluetooth,55:25:0e:31:e0:1e,-55,12,1588872050.877568,37
2020-05-07 13:20:50.879477,Bluetooth,55:25:0e:31:e0:1e,-51,12,1588872050.879477,38
2020-05-07 13:20:50.882040,Bluetooth,55:25:0e:31:e0:1e,-48,12,1588872050.88204,39
2020-05-07 13:20:51.152689,Bluetooth,55:25:0e:31:e0:1e,-55,12,1588872051.152689,37
2020-05-07 13:20:51.157414,Bluetooth,55:25:0e:31:e0:1e,-51,12,1588872051.157414,38
2020-05-07 13:20:51.161155,Bluetooth,55:25:0e:31:e0:1e,-46,12,1588872051.161155,39
2020-05-07 13:20:51.423663,Bluetooth,55:25:0e:31:e0:1e,-55,12,1588872051.423663,37
2020-05-07 13:20:51.425881,Bluetooth,55:25:0e:31:e0:1e,-51,12,1588872051.425881,38
2020-05-07 13:20:51.427412,Bluetooth,55:25:0e:31:e0:1e,-48,12,1588872051.427412,39
2020-05-07 13:20:51.702666,Bluetooth,55:25:0e:31:e0:1e,-55,12,1588872051.702666,37
2020-05-07 13:20:51.707368,Bluetooth,55:25:0e:31:e0:1e,-51,12,1588872051.707368,38
2020-05-07 13:20:51.711100,Bluetooth,55:25:0e:31:e0:1e,-46,12,1588872051.7111,39
2020-05-07 13:20:52.518268,Bluetooth,55:25:0e:31:e0:1e,-55,12,1588872052.518268,37
2020-05-07 13:20:52.522943,Bluetooth,55:25:0e:31:e0:1e,-51,12,1588872052.522943,38
2020-05-07 13:20:52.525897,Bluetooth,55:25:0e:31:e0:1e,-46,12,1588872052.525897,39
2020-05-07 13:20:52.795744,Bluetooth,55:25:0e:31:e0:1e,-55,12,1588872052.795744,37
2020-05-07 13:20:52.800340,Bluetooth,55:25:0e:31:e0:1e,-51,12,1588872052.80034,38
2020-05-07 13:20:52.804079,Bluetooth,55:25:0e:31:e0:1e,-48,12,1588872052.804079,39
2020-05-07 13:20:53.070733,Bluetooth,55:25:0e:31:e0:1e,-55,12,1588872053.070733,37
2020-05-07 13:20:53.072833,Bluetooth,55:25:0e:31:e0:1e,-51,12,1588872053.072833,38
2020-05-07 13:20:53.074329,Bluetooth,55:25:0e:31:e0:1e,-51,12,1588872053.074329,39
2020-05-07 13:20:53.352724,Bluetooth,55:25:0e:31:e0:1e,-55,12,1588872053.352724,37
2020-05-07 13:20:53.356962,Bluetooth,55:25:0e:31:e0:1e,-51,12,1588872053.356962,38
2020-05-07 13:20:53.360682,Bluetooth,55:25:0e:31:e0:1e,-52,12,1588872053.360682,39
2020-05-07 13:20:53.625215,Bluetooth,55:25:0e:31:e0:1e,-55,12,1588872053.625215,37
2020-05-07 13:20:53.627085,Bluetooth,55:25:0e:31:e0:1e,-51,12,1588872053.627085,38
2020-05-07 13:20:53.628601,Bluetooth,55:25:0e:31:e0:1e,-52,12,1588872053.628601,39
2020-05-07 13:20:53.906726,Bluetooth,55:25:0e:31:e0:1e,-55,12,1588872053.906726,37
2020-05-07 13:20:53.911120,Bluetooth,55:25:0e:31:e0:1e,-52,12,1588872053.91112,38
2020-05-07 13:20:53.914700,Bluetooth,55:25:0e:31:e0:1e,-46,12,1588872053.9147,39
2020-05-07 13:20:54.184686,Bluetooth,55:25:0e:31:e0:1e,-55,12,1588872054.184686,37
2020-05-07 13:20:54.186632,Bluetooth,55:25:0e:31:e0:1e,-51,12,1588872054.186632,38
2020-05-07 13:20:54.188100,Bluetooth,55:25:0e:31:e0:1e,-52,12,1588872054.1881,39
2020-05-07 13:20:54.465863,Bluetooth,55:25:0e:31:e0:1e,-55,12,1588872054.465863,37
2020-05-07 13:20:54.469684,Bluetooth,55:25:0e:31:e0:1e,-51,12,1588872054.469684,38
2020-05-07 13:20:54.471179,Bluetooth,55:25:0e:31:e0:1e,-51,12,1588872054.471179,39
2020-05-07 13:20:54.587889,Bluetooth,e5:77:66:f9:58:66,-59,12,1588872054.587889,37
2020-05-07 13:20:54.593259,Bluetooth,e5:77:66:f9:58:66,-52,12,1588872054.593259,38
2020-05-07 13:20:54.596039,Bluetooth,e5:77:66:f9:58:66,-46,12,1588872054.596039,39
2020-05-07 13:20:54.738253,Bluetooth,55:25:0e:31:e0:1e,-55,12,1588872054.738253,37
2020-05-07 13:20:54.743195,Bluetooth,55:25:0e:31:e0:1e,-54,12,1588872054.743195,38
2020-05-07 13:20:54.746192,Bluetooth,55:25:0e:31:e0:1e,-48,12,1588872054.746192,39
2020-05-07 13:20:55.015150,Bluetooth,55:25:0e:31:e0:1e,-55,12,1588872055.01515,37
2020-05-07 13:20:55.017389,Bluetooth,55:25:0e:31:e0:1e,-51,12,1588872055.017389,38
2020-05-07 13:20:55.019099,Bluetooth,55:25:0e:31:e0:1e,-49,12,1588872055.019099,39
2020-05-07 13:20:56.108230,Bluetooth,55:25:0e:31:e0:1e,-55,12,1588872056.10823,37
2020-05-07 13:20:56.113125,Bluetooth,55:25:0e:31:e0:1e,-51,12,1588872056.113125,38
2020-05-07 13:20:56.117041,Bluetooth,55:25:0e:31:e0:1e,-48,12,1588872056.117041,39
2020-05-07 13:20:56.384874,Bluetooth,55:25:0e:31:e0:1e,-55,12,1588872056.384874,37
2020-05-07 13:20:56.386850,Bluetooth,55:25:0e:31:e0:1e,-51,12,1588872056.38685,38
2020-05-07 13:20:56.388416,Bluetooth,55:25:0e:31:e0:1e,-49,12,1588872056.388416,39
2020-05-07 13:20:56.592180,Bluetooth,e5:77:66:f9:58:66,-56,12,1588872056.59218,37
2020-05-07 13:20:56.597401,Bluetooth,e5:77:66:f9:58:66,-51,12,1588872056.597401,38
2020-05-07 13:20:56.599433,Bluetooth,e5:77:66:f9:58:66,-47,12,1588872056.599433,39
2020-05-07 13:20:56.664225,Bluetooth,55:25:0e:31:e0:1e,-55,12,1588872056.664225,37
2020-05-07 13:20:56.668828,Bluetooth,55:25:0e:31:e0:1e,-51,12,1588872056.668828,38
2020-05-07 13:20:56.672794,Bluetooth,55:25:0e:31:e0:1e,-51,12,1588872056.672794,39
2020-05-07 13:20:56.938792,Bluetooth,55:25:0e:31:e0:1e,-55,12,1588872056.938792,37
2020-05-07 13:20:56.940767,Bluetooth,55:25:0e:31:e0:1e,-51,12,1588872056.940767,38
2020-05-07 13:20:56.942260,Bluetooth,55:25:0e:31:e0:1e,-48,12,1588872056.94226,39
2020-05-07 13:20:57.219304,Bluetooth,55:25:0e:31:e0:1e,-55,12,1588872057.219304,37
2020-05-07 13:20:57.223720,Bluetooth,55:25:0e:31:e0:1e,-54,12,1588872057.22372,38
2020-05-07 13:20:57.227626,Bluetooth,55:25:0e:31:e0:1e,-48,12,1588872057.227626,39
2020-05-07 13:20:57.490931,Bluetooth,55:25:0e:31:e0:1e,-55,12,1588872057.490931,37
2020-05-07 13:20:57.493781,Bluetooth,55:25:0e:31:e0:1e,-51,12,1588872057.493781,38
2020-05-07 13:20:57.495357,Bluetooth,55:25:0e:31:e0:1e,-44,12,1588872057.495357,39
2020-05-07 13:20:57.760986,Bluetooth,55:25:0e:31:e0:1e,-55,12,1588872057.760986,37
2020-05-07 13:20:57.763205,Bluetooth,55:25:0e:31:e0:1e,-51,12,1588872057.763205,38
2020-05-07 13:20:57.765032,Bluetooth,55:25:0e:31:e0:1e,-51,12,1588872057.765032,39
2020-05-07 13:20:58.030773,Bluetooth,55:25:0e:31:e0:1e,-55,12,1588872058.030773,37
2020-05-07 13:20:58.032632,Bluetooth,55:25:0e:31:e0:1e,-51,12,1588872058.032632,38
2020-05-07 13:20:58.034105,Bluetooth,55:25:0e:31:e0:1e,-49,12,1588872058.034105,39
2020-05-07 13:20:58.307869,Bluetooth,55:25:0e:31:e0:1e,-55,12,1588872058.307869,37
2020-05-07 13:20:58.313414,Bluetooth,55:25:0e:31:e0:1e,-51,12,1588872058.313414,38
2020-05-07 13:20:58.317193,Bluetooth,55:25:0e:31:e0:1e,-47,12,1588872058.317193,39
2020-05-07 13:20:58.594124,Bluetooth,e5:77:66:f9:58:66,-56,12,1588872058.594124,37
2020-05-07 13:20:58.596710,Bluetooth,e5:77:66:f9:58:66,-51,12,1588872058.59671,38
2020-05-07 13:20:58.598710,Bluetooth,e5:77:66:f9:58:66,-48,12,1588872058.59871,39
2020-05-07 13:20:59.405763,Bluetooth,55:25:0e:31:e0:1e,-55,12,1588872059.405763,37
2020-05-07 13:20:59.407771,Bluetooth,55:25:0e:31:e0:1e,-51,12,1588872059.407771,38
2020-05-07 13:20:59.410040,Bluetooth,55:25:0e:31:e0:1e,-51,12,1588872059.41004,39
2020-05-07 13:20:59.675748,Bluetooth,55:25:0e:31:e0:1e,-55,12,1588872059.675748,37
2020-05-07 13:20:59.677620,Bluetooth,55:25:0e:31:e0:1e,-51,12,1588872059.67762,38
2020-05-07 13:20:59.679087,Bluetooth,55:25:0e:31:e0:1e,-49,12,1588872059.679087,39
2020-05-07 13:20:59.951929,Bluetooth,55:25:0e:31:e0:1e,-55,12,1588872059.951929,37
2020-05-07 13:20:59.956478,Bluetooth,55:25:0e:31:e0:1e,-50,12,1588872059.956478,38
2020-05-07 13:20:59.958078,Bluetooth,55:25:0e:31:e0:1e,-52,12,1588872059.958078,39
2020-05-07 13:21:00.220653,Bluetooth,55:25:0e:31:e0:1e,-55,12,1588872060.220653,37
2020-05-07 13:21:00.222621,Bluetooth,55:25:0e:31:e0:1e,-51,12,1588872060.222621,38
2020-05-07 13:21:00.224112,Bluetooth,55:25:0e:31:e0:1e,-52,12,1588872060.224112,39
2020-05-07 13:21:00.497271,Bluetooth,55:25:0e:31:e0:1e,-55,12,1588872060.497271,37
2020-05-07 13:21:00.501647,Bluetooth,55:25:0e:31:e0:1e,-51,12,1588872060.501647,38
2020-05-07 13:21:00.505275,Bluetooth,55:25:0e:31:e0:1e,-49,12,1588872060.505275,39
2020-05-07 13:21:00.603001,Bluetooth,e5:77:66:f9:58:66,-56,12,1588872060.603001,37
2020-05-07 13:21:00.607829,Bluetooth,e5:77:66:f9:58:66,-51,12,1588872060.607829,38
2020-05-07 13:21:00.609905,Bluetooth,e5:77:66:f9:58:66,-46,12,1588872060.609905,39
2020-05-07 13:21:00.770992,Bluetooth,55:25:0e:31:e0:1e,-55,12,1588872060.770992,37
2020-05-07 13:21:00.776421,Bluetooth,55:25:0e:31:e0:1e,-51,12,1588872060.776421,38
2020-05-07 13:21:00.780835,Bluetooth,55:25:0e:31:e0:1e,-52,12,1588872060.780835,39
2020-05-07 13:21:01.051059,Bluetooth,55:25:0e:31:e0:1e,-55,12,1588872061.051059,37
2020-05-07 13:21:01.055400,Bluetooth,55:25:0e:31:e0:1e,-51,12,1588872061.0554,38
2020-05-07 13:21:01.059165,Bluetooth,55:25:0e:31:e0:1e,-51,12,1588872061.059165,39
2020-05-07 13:21:01.326028,Bluetooth,55:25:0e:31:e0:1e,-55,12,1588872061.326028,37
2020-05-07 13:21:01.327835,Bluetooth,55:25:0e:31:e0:1e,-50,12,1588872061.327835,38
2020-05-07 13:21:01.329414,Bluetooth,55:25:0e:31:e0:1e,-52,12,1588872061.329414,39
2020-05-07 13:21:01.603908,Bluetooth,55:25:0e:31:e0:1e,-55,12,1588872061.603908,37
2020-05-07 13:21:01.606021,Bluetooth,55:25:0e:31:e0:1e,-51,12,1588872061.606021,38
2020-05-07 13:21:01.607722,Bluetooth,55:25:0e:31:e0:1e,-49,12,1588872061.607722,39
2020-05-07 13:21:02.421973,Bluetooth,55:25:0e:31:e0:1e,-55,12,1588872062.421973,37
2020-05-07 13:21:02.426588,Bluetooth,55:25:0e:31:e0:1e,-51,12,1588872062.426588,38
2020-05-07 13:21:02.429788,Bluetooth,55:25:0e:31:e0:1e,-48,12,1588872062.429788,39
2020-05-07 13:21:02.612590,Bluetooth,e5:77:66:f9:58:66,-56,12,1588872062.61259,37
2020-05-07 13:21:02.618022,Bluetooth,e5:77:66:f9:58:66,-51,12,1588872062.618022,38
2020-05-07 13:21:02.620591,Bluetooth,e5:77:66:f9:58:66,-46,12,1588872062.620591,39
2020-05-07 13:21:02.691842,Bluetooth,55:25:0e:31:e0:1e,-55,12,1588872062.691842,37
2020-05-07 13:21:02.696461,Bluetooth,55:25:0e:31:e0:1e,-51,12,1588872062.696461,38
2020-05-07 13:21:02.700110,Bluetooth,55:25:0e:31:e0:1e,-46,12,1588872062.70011,39
2020-05-07 13:21:02.965617,Bluetooth,55:25:0e:31:e0:1e,-55,12,1588872062.965617,37
2020-05-07 13:21:02.967479,Bluetooth,55:25:0e:31:e0:1e,-51,12,1588872062.967479,38
2020-05-07 13:21:02.968990,Bluetooth,55:25:0e:31:e0:1e,-49,12,1588872062.96899,39
2020-05-07 13:21:03.237924,Bluetooth,55:25:0e:31:e0:1e,-55,12,1588872063.237924,37
2020-05-07 13:21:03.242596,Bluetooth,55:25:0e:31:e0:1e,-54,12,1588872063.242596,38
2020-05-07 13:21:03.246380,Bluetooth,55:25:0e:31:e0:1e,-48,12,1588872063.24638,39
2020-05-07 13:21:03.389907,Bluetooth,55:25:0e:31:e0:1e,-55,12,1588872063.389907,37
2020-05-07 13:21:03.394490,Bluetooth,55:25:0e:31:e0:1e,-51,12,1588872063.39449,38
2020-05-07 13:21:03.396754,Bluetooth,55:25:0e:31:e0:1e,-48,12,1588872063.396754,39
2020-05-07 13:21:03.411509,Bluetooth,ec:d5:72:3c:f5:d0,-55,12,1588872063.411509,37
2020-05-07 13:21:03.416975,Bluetooth,ec:d5:72:3c:f5:d0,-52,12,1588872063.416975,38
2020-05-07 13:21:03.421336,Bluetooth,ec:d5:72:3c:f5:d0,-48,12,1588872063.421336,39
2020-05-07 13:21:04.214982,Bluetooth,55:25:0e:31:e0:1e,-55,12,1588872064.214982,37
2020-05-07 13:21:04.219624,Bluetooth,55:25:0e:31:e0:1e,-51,12,1588872064.219624,38
2020-05-07 13:21:04.223367,Bluetooth,55:25:0e:31:e0:1e,-51,12,1588872064.223367,39
2020-05-07 13:21:04.489911,Bluetooth,55:25:0e:31:e0:1e,-55,12,1588872064.489911,37
2020-05-07 13:21:04.494217,Bluetooth,55:25:0e:31:e0:1e,-51,12,1588872064.494217,38
2020-05-07 13:21:04.497465,Bluetooth,55:25:0e:31:e0:1e,-48,12,1588872064.497465,39
2020-05-07 13:21:04.762857,Bluetooth,55:25:0e:31:e0:1e,-55,12,1588872064.762857,37
2020-05-07 13:21:04.764889,Bluetooth,55:25:0e:31:e0:1e,-51,12,1588872064.764889,38
2020-05-07 13:21:04.766406,Bluetooth,55:25:0e:31:e0:1e,-49,12,1588872064.766406,39
2020-05-07 13:21:05.043040,Bluetooth,55:25:0e:31:e0:1e,-55,12,1588872065.04304,37
2020-05-07 13:21:05.045159,Bluetooth,55:25:0e:31:e0:1e,-51,12,1588872065.045159,38
2020-05-07 13:21:05.046794,Bluetooth,55:25:0e:31:e0:1e,-46,12,1588872065.046794,39
2020-05-07 13:21:05.313823,Bluetooth,55:25:0e:31:e0:1e,-55,12,1588872065.313823,37
2020-05-07 13:21:05.315757,Bluetooth,55:25:0e:31:e0:1e,-51,12,1588872065.315757,38
2020-05-07 13:21:05.317243,Bluetooth,55:25:0e:31:e0:1e,-49,12,1588872065.317243,39
2020-05-07 13:21:05.419959,Bluetooth,ec:d5:72:3c:f5:d0,-56,12,1588872065.419959,37
2020-05-07 13:21:05.422522,Bluetooth,ec:d5:72:3c:f5:d0,-51,12,1588872065.422522,38
2020-05-07 13:21:05.424629,Bluetooth,ec:d5:72:3c:f5:d0,-46,12,1588872065.424629,39
2020-05-07 13:21:05.590946,Bluetooth,55:25:0e:31:e0:1e,-55,12,1588872065.590946,37
2020-05-07 13:21:05.599456,Bluetooth,55:25:0e:31:e0:1e,-51,12,1588872065.599456,38
2020-05-07 13:21:05.601104,Bluetooth,55:25:0e:31:e0:1e,-52,12,1588872065.601104,39
2020-05-07 13:21:05.866045,Bluetooth,55:25:0e:31:e0:1e,-55,12,1588872065.866045,37
2020-05-07 13:21:05.867897,Bluetooth,55:25:0e:31:e0:1e,-51,12,1588872065.867897,38
2020-05-07 13:21:05.869423,Bluetooth,55:25:0e:31:e0:1e,-48,12,1588872065.869423,39
2020-05-07 13:21:06.138239,Bluetooth,55:25:0e:31:e0:1e,-55,12,1588872066.138239,37
2020-05-07 13:21:06.142671,Bluetooth,55:25:0e:31:e0:1e,-51,12,1588872066.142671,38
2020-05-07 13:21:06.144923,Bluetooth,55:25:0e:31:e0:1e,-52,12,1588872066.144923,39
2020-05-07 13:21:06.411089,Bluetooth,55:25:0e:31:e0:1e,-55,12,1588872066.411089,37
2020-05-07 13:21:06.412984,Bluetooth,55:25:0e:31:e0:1e,-51,12,1588872066.412984,38
2020-05-07 13:21:06.414446,Bluetooth,55:25:0e:31:e0:1e,-49,12,1588872066.414446,39
2020-05-07 13:21:07.425065,Bluetooth,ec:d5:72:3c:f5:d0,-52,12,1588872067.425065,37
2020-05-07 13:21:07.428644,Bluetooth,ec:d5:72:3c:f5:d0,-52,12,1588872067.428644,38
2020-05-07 13:21:07.430567,Bluetooth,ec:d5:72:3c:f5:d0,-48,12,1588872067.430567,39
2020-05-07 13:21:07.523238,Bluetooth,55:25:0e:31:e0:1e,-55,12,1588872067.523238,37
2020-05-07 13:21:07.527605,Bluetooth,55:25:0e:31:e0:1e,-51,12,1588872067.527605,38
2020-05-07 13:21:07.531355,Bluetooth,55:25:0e:31:e0:1e,-49,12,1588872067.531355,39
2020-05-07 13:21:07.796971,Bluetooth,55:25:0e:31:e0:1e,-55,12,1588872067.796971,37
2020-05-07 13:21:07.801552,Bluetooth,55:25:0e:31:e0:1e,-51,12,1588872067.801552,38
2020-05-07 13:21:07.805267,Bluetooth,55:25:0e:31:e0:1e,-52,12,1588872067.805267,39
2020-05-07 13:21:08.075246,Bluetooth,55:25:0e:31:e0:1e,-55,12,1588872068.075246,37
2020-05-07 13:21:08.077444,Bluetooth,55:25:0e:31:e0:1e,-50,12,1588872068.077444,38
2020-05-07 13:21:08.079180,Bluetooth,55:25:0e:31:e0:1e,-49,12,1588872068.07918,39
2020-05-07 13:21:08.352426,Bluetooth,55:25:0e:31:e0:1e,-55,12,1588872068.352426,37
2020-05-07 13:21:08.357237,Bluetooth,55:25:0e:31:e0:1e,-51,12,1588872068.357237,38
2020-05-07 13:21:08.361233,Bluetooth,55:25:0e:31:e0:1e,-44,12,1588872068.361233,39
2020-05-07 13:21:08.626488,Bluetooth,55:25:0e:31:e0:1e,-55,12,1588872068.626488,37
2020-05-07 13:21:08.628506,Bluetooth,55:25:0e:31:e0:1e,-54,12,1588872068.628506,38
2020-05-07 13:21:08.630041,Bluetooth,55:25:0e:31:e0:1e,-49,12,1588872068.630041,39
2020-05-07 13:21:08.900087,Bluetooth,55:25:0e:31:e0:1e,-55,12,1588872068.900087,37
2020-05-07 13:21:08.904866,Bluetooth,55:25:0e:31:e0:1e,-51,12,1588872068.904866,38
2020-05-07 13:21:08.908816,Bluetooth,55:25:0e:31:e0:1e,-49,12,1588872068.908816,39
2020-05-07 13:21:09.171336,Bluetooth,55:25:0e:31:e0:1e,-55,12,1588872069.171336,37
2020-05-07 13:21:09.173373,Bluetooth,55:25:0e:31:e0:1e,-51,12,1588872069.173373,38
2020-05-07 13:21:09.174914,Bluetooth,55:25:0e:31:e0:1e,-52,12,1588872069.174914,39
2020-05-07 13:21:09.433325,Bluetooth,ec:d5:72:3c:f5:d0,-56,12,1588872069.433325,37
2020-05-07 13:21:09.436509,Bluetooth,ec:d5:72:3c:f5:d0,-52,12,1588872069.436509,38
2020-05-07 13:21:09.438890,Bluetooth,ec:d5:72:3c:f5:d0,-46,12,1588872069.43889,39
2020-05-07 13:21:09.444389,Bluetooth,55:25:0e:31:e0:1e,-55,12,1588872069.444389,37
2020-05-07 13:21:09.446879,Bluetooth,55:25:0e:31:e0:1e,-51,12,1588872069.446879,38
2020-05-07 13:21:09.449345,Bluetooth,55:25:0e:31:e0:1e,-46,12,1588872069.449345,39
2020-05-07 13:21:09.714461,Bluetooth,55:25:0e:31:e0:1e,-55,12,1588872069.714461,37
2020-05-07 13:21:09.716512,Bluetooth,55:25:0e:31:e0:1e,-51,12,1588872069.716512,38
2020-05-07 13:21:09.718055,Bluetooth,55:25:0e:31:e0:1e,-49,12,1588872069.718055,39
2020-05-07 13:21:10.533573,Bluetooth,55:25:0e:31:e0:1e,-55,12,1588872070.533573,37
2020-05-07 13:21:10.538110,Bluetooth,55:25:0e:31:e0:1e,-51,12,1588872070.53811,38
2020-05-07 13:21:10.541564,Bluetooth,55:25:0e:31:e0:1e,-47,12,1588872070.541564,39
2020-05-07 13:21:10.804080,Bluetooth,55:25:0e:31:e0:1e,-55,12,1588872070.80408,37
2020-05-07 13:21:10.806221,Bluetooth,55:25:0e:31:e0:1e,-51,12,1588872070.806221,38
2020-05-07 13:21:10.807695,Bluetooth,55:25:0e:31:e0:1e,-48,12,1588872070.807695,39
2020-05-07 13:21:11.076014,Bluetooth,55:25:0e:31:e0:1e,-55,12,1588872071.076014,37
2020-05-07 13:21:11.080549,Bluetooth,55:25:0e:31:e0:1e,-51,12,1588872071.080549,38
2020-05-07 13:21:11.084084,Bluetooth,55:25:0e:31:e0:1e,-48,12,1588872071.084084,39
2020-05-07 13:21:11.348796,Bluetooth,55:25:0e:31:e0:1e,-55,12,1588872071.348796,37
2020-05-07 13:21:11.351011,Bluetooth,55:25:0e:31:e0:1e,-51,12,1588872071.351011,38
2020-05-07 13:21:11.352570,Bluetooth,55:25:0e:31:e0:1e,-49,12,1588872071.35257,39
2020-05-07 13:21:11.625098,Bluetooth,55:25:0e:31:e0:1e,-55,12,1588872071.625098,37
2020-05-07 13:21:11.629728,Bluetooth,55:25:0e:31:e0:1e,-51,12,1588872071.629728,38
2020-05-07 13:21:11.633337,Bluetooth,55:25:0e:31:e0:1e,-48,12,1588872071.633337,39
2020-05-07 13:21:11.898972,Bluetooth,55:25:0e:31:e0:1e,-55,12,1588872071.898972,37
2020-05-07 13:21:11.900978,Bluetooth,55:25:0e:31:e0:1e,-51,12,1588872071.900978,38
2020-05-07 13:21:11.903552,Bluetooth,55:25:0e:31:e0:1e,-48,12,1588872071.903552,39
2020-05-07 13:21:12.173116,Bluetooth,55:25:0e:31:e0:1e,-55,12,1588872072.173116,37
2020-05-07 13:21:12.177731,Bluetooth,55:25:0e:31:e0:1e,-51,12,1588872072.177731,38
2020-05-07 13:21:12.181334,Bluetooth,55:25:0e:31:e0:1e,-48,12,1588872072.181334,39
2020-05-07 13:21:12.444118,Bluetooth,55:25:0e:31:e0:1e,-55,12,1588872072.444118,37
2020-05-07 13:21:12.446127,Bluetooth,55:25:0e:31:e0:1e,-51,12,1588872072.446127,38
2020-05-07 13:21:12.447614,Bluetooth,55:25:0e:31:e0:1e,-52,12,1588872072.447614,39
2020-05-07 13:21:12.720059,Bluetooth,55:25:0e:31:e0:1e,-55,12,1588872072.720059,37
2020-05-07 13:21:12.722105,Bluetooth,55:25:0e:31:e0:1e,-50,12,1588872072.722105,38
2020-05-07 13:21:12.723675,Bluetooth,55:25:0e:31:e0:1e,-52,12,1588872072.723675,39
2020-05-07 13:21:12.991096,Bluetooth,55:25:0e:31:e0:1e,-55,12,1588872072.991096,37
2020-05-07 13:21:12.993060,Bluetooth,55:25:0e:31:e0:1e,-51,12,1588872072.99306,38
2020-05-07 13:21:12.994534,Bluetooth,55:25:0e:31:e0:1e,-51,12,1588872072.994534,39
2020-05-07 13:21:13.439497,Bluetooth,ec:d5:72:3c:f5:d0,-56,12,1588872073.439497,37
2020-05-07 13:21:13.445214,Bluetooth,ec:d5:72:3c:f5:d0,-51,12,1588872073.445214,38
2020-05-07 13:21:13.447796,Bluetooth,ec:d5:72:3c:f5:d0,-48,12,1588872073.447796,39
2020-05-07 13:21:13.816698,Bluetooth,55:25:0e:31:e0:1e,-55,12,1588872073.816698,37
2020-05-07 13:21:13.818909,Bluetooth,55:25:0e:31:e0:1e,-51,12,1588872073.818909,38
2020-05-07 13:21:13.820723,Bluetooth,55:25:0e:31:e0:1e,-48,12,1588872073.820723,39
2020-05-07 13:21:14.096080,Bluetooth,55:25:0e:31:e0:1e,-55,12,1588872074.09608,37
2020-05-07 13:21:14.100820,Bluetooth,55:25:0e:31:e0:1e,-51,12,1588872074.10082,38
2020-05-07 13:21:14.104649,Bluetooth,55:25:0e:31:e0:1e,-51,12,1588872074.104649,39
2020-05-07 13:21:14.367026,Bluetooth,55:25:0e:31:e0:1e,-55,12,1588872074.367026,37
2020-05-07 13:21:14.369152,Bluetooth,55:25:0e:31:e0:1e,-51,12,1588872074.369152,38
2020-05-07 13:21:14.370769,Bluetooth,55:25:0e:31:e0:1e,-51,12,1588872074.370769,39
2020-05-07 13:21:14.640165,Bluetooth,55:25:0e:31:e0:1e,-55,12,1588872074.640165,37
2020-05-07 13:21:14.644427,Bluetooth,55:25:0e:31:e0:1e,-51,12,1588872074.644427,38
2020-05-07 13:21:14.647999,Bluetooth,55:25:0e:31:e0:1e,-49,12,1588872074.647999,39
2020-05-07 13:21:14.914714,Bluetooth,55:25:0e:31:e0:1e,-55,12,1588872074.914714,37
2020-05-07 13:21:14.916703,Bluetooth,55:25:0e:31:e0:1e,-50,12,1588872074.916703,38
2020-05-07 13:21:14.918173,Bluetooth,55:25:0e:31:e0:1e,-49,12,1588872074.918173,39
2020-05-07 13:21:15.187513,Bluetooth,55:25:0e:31:e0:1e,-55,12,1588872075.187513,37
2020-05-07 13:21:15.189996,Bluetooth,55:25:0e:31:e0:1e,-51,12,1588872075.189996,38
2020-05-07 13:21:15.191763,Bluetooth,55:25:0e:31:e0:1e,-52,12,1588872075.191763,39
2020-05-07 13:21:15.443971,Bluetooth,ec:d5:72:3c:f5:d0,-56,12,1588872075.443971,37
2020-05-07 13:21:15.449905,Bluetooth,ec:d5:72:3c:f5:d0,-51,12,1588872075.449905,38
2020-05-07 13:21:15.452643,Bluetooth,ec:d5:72:3c:f5:d0,-47,12,1588872075.452643,39
2020-05-07 13:21:15.465946,Bluetooth,55:25:0e:31:e0:1e,-55,12,1588872075.465946,37
2020-05-07 13:21:15.470137,Bluetooth,55:25:0e:31:e0:1e,-52,12,1588872075.470137,38
2020-05-07 13:21:15.473731,Bluetooth,55:25:0e:31:e0:1e,-49,12,1588872075.473731,39
2020-05-07 13:21:15.741152,Bluetooth,55:25:0e:31:e0:1e,-55,12,1588872075.741152,37
2020-05-07 13:21:15.745834,Bluetooth,55:25:0e:31:e0:1e,-51,12,1588872075.745834,38
2020-05-07 13:21:15.749371,Bluetooth,55:25:0e:31:e0:1e,-48,12,1588872075.749371,39
2020-05-07 13:21:16.013616,Bluetooth,55:25:0e:31:e0:1e,-55,12,1588872076.013616,37
2020-05-07 13:21:16.015882,Bluetooth,55:25:0e:31:e0:1e,-54,12,1588872076.015882,38
2020-05-07 13:21:16.017638,Bluetooth,55:25:0e:31:e0:1e,-49,12,1588872076.017638,39
2020-05-07 13:21:16.563093,Bluetooth,55:25:0e:31:e0:1e,-55,12,1588872076.563093,37
2020-05-07 13:21:16.565077,Bluetooth,55:25:0e:31:e0:1e,-54,12,1588872076.565077,38
2020-05-07 13:21:16.566571,Bluetooth,55:25:0e:31:e0:1e,-46,12,1588872076.566571,39
2020-05-07 13:21:17.113187,Bluetooth,55:25:0e:31:e0:1e,-55,12,1588872077.113187,37
2020-05-07 13:21:17.115350,Bluetooth,55:25:0e:31:e0:1e,-51,12,1588872077.11535,38
2020-05-07 13:21:17.117133,Bluetooth,55:25:0e:31:e0:1e,-46,12,1588872077.117133,39
2020-05-07 13:21:17.392086,Bluetooth,55:25:0e:31:e0:1e,-55,12,1588872077.392086,37
2020-05-07 13:21:17.396715,Bluetooth,55:25:0e:31:e0:1e,-51,12,1588872077.396715,38
2020-05-07 13:21:17.400555,Bluetooth,55:25:0e:31:e0:1e,-49,12,1588872077.400555,39
2020-05-07 13:21:17.662415,Bluetooth,55:25:0e:31:e0:1e,-55,12,1588872077.662415,37
2020-05-07 13:21:17.665312,Bluetooth,55:25:0e:31:e0:1e,-51,12,1588872077.665312,38
2020-05-07 13:21:17.666896,Bluetooth,55:25:0e:31:e0:1e,-48,12,1588872077.666896,39
2020-05-07 13:21:17.936789,Bluetooth,55:25:0e:31:e0:1e,-55,12,1588872077.936789,37
2020-05-07 13:21:17.939289,Bluetooth,55:25:0e:31:e0:1e,-51,12,1588872077.939289,38
2020-05-07 13:21:17.941442,Bluetooth,55:25:0e:31:e0:1e,-48,12,1588872077.941442,39
2020-05-07 13:21:18.208708,Bluetooth,55:25:0e:31:e0:1e,-55,12,1588872078.208708,37
2020-05-07 13:21:18.210848,Bluetooth,55:25:0e:31:e0:1e,-51,12,1588872078.210848,38
2020-05-07 13:21:18.212719,Bluetooth,55:25:0e:31:e0:1e,-48,12,1588872078.212719,39
2020-05-07 13:21:18.482593,Bluetooth,55:25:0e:31:e0:1e,-55,12,1588872078.482593,37
2020-05-07 13:21:18.487306,Bluetooth,55:25:0e:31:e0:1e,-51,12,1588872078.487306,38
2020-05-07 13:21:18.489647,Bluetooth,55:25:0e:31:e0:1e,-49,12,1588872078.489647,39
2020-05-07 13:21:18.755264,Bluetooth,55:25:0e:31:e0:1e,-55,12,1588872078.755264,37
2020-05-07 13:21:18.757333,Bluetooth,55:25:0e:31:e0:1e,-50,12,1588872078.757333,38
2020-05-07 13:21:18.758843,Bluetooth,55:25:0e:31:e0:1e,-49,12,1588872078.758843,39
2020-05-07 13:21:19.033484,Bluetooth,55:25:0e:31:e0:1e,-55,12,1588872079.033484,37
2020-05-07 13:21:19.038187,Bluetooth,55:25:0e:31:e0:1e,-50,12,1588872079.038187,38
2020-05-07 13:21:19.042023,Bluetooth,55:25:0e:31:e0:1e,-46,12,1588872079.042023,39
2020-05-07 13:21:19.305871,Bluetooth,55:25:0e:31:e0:1e,-55,12,1588872079.305871,37
2020-05-07 13:21:19.307902,Bluetooth,55:25:0e:31:e0:1e,-51,12,1588872079.307902,38
2020-05-07 13:21:19.309478,Bluetooth,55:25:0e:31:e0:1e,-52,12,1588872079.309478,39
2020-05-07 13:21:19.459382,Bluetooth,ec:d5:72:3c:f5:d0,-56,12,1588872079.459382,37
2020-05-07 13:21:19.464865,Bluetooth,ec:d5:72:3c:f5:d0,-51,12,1588872079.464865,38
2020-05-07 13:21:19.467346,Bluetooth,ec:d5:72:3c:f5:d0,-48,12,1588872079.467346,39
2020-05-07 13:21:20.134102,Bluetooth,55:25:0e:31:e0:1e,-55,12,1588872080.134102,37
2020-05-07 13:21:20.138488,Bluetooth,55:25:0e:31:e0:1e,-54,12,1588872080.138488,38
2020-05-07 13:21:20.141908,Bluetooth,55:25:0e:31:e0:1e,-49,12,1588872080.141908,39
2020-05-07 13:21:20.403760,Bluetooth,55:25:0e:31:e0:1e,-55,12,1588872080.40376,37
2020-05-07 13:21:20.408600,Bluetooth,55:25:0e:31:e0:1e,-51,12,1588872080.4086,38
2020-05-07 13:21:20.412511,Bluetooth,55:25:0e:31:e0:1e,-46,12,1588872080.412511,39
2020-05-07 13:21:20.679734,Bluetooth,55:25:0e:31:e0:1e,-55,12,1588872080.679734,37
2020-05-07 13:21:20.681705,Bluetooth,55:25:0e:31:e0:1e,-51,12,1588872080.681705,38
2020-05-07 13:21:20.683243,Bluetooth,55:25:0e:31:e0:1e,-46,12,1588872080.683243,39
2020-05-07 13:21:20.953659,Bluetooth,55:25:0e:31:e0:1e,-55,12,1588872080.953659,37
2020-05-07 13:21:20.958382,Bluetooth,55:25:0e:31:e0:1e,-51,12,1588872080.958382,38
2020-05-07 13:21:20.960763,Bluetooth,55:25:0e:31:e0:1e,-49,12,1588872080.960763,39
2020-05-07 13:21:21.223734,Bluetooth,55:25:0e:31:e0:1e,-55,12,1588872081.223734,37
2020-05-07 13:21:21.225936,Bluetooth,55:25:0e:31:e0:1e,-51,12,1588872081.225936,38
2020-05-07 13:21:21.227443,Bluetooth,55:25:0e:31:e0:1e,-48,12,1588872081.227443,39
2020-05-07 13:21:21.460077,Bluetooth,ec:d5:72:3c:f5:d0,-56,12,1588872081.460077,37
2020-05-07 13:21:21.465509,Bluetooth,ec:d5:72:3c:f5:d0,-51,12,1588872081.465509,38
2020-05-07 13:21:21.468025,Bluetooth,ec:d5:72:3c:f5:d0,-46,12,1588872081.468025,39
2020-05-07 13:21:21.505283,Bluetooth,55:25:0e:31:e0:1e,-55,12,1588872081.505283,37
2020-05-07 13:21:21.509857,Bluetooth,55:25:0e:31:e0:1e,-51,12,1588872081.509857,38
2020-05-07 13:21:21.513399,Bluetooth,55:25:0e:31:e0:1e,-48,12,1588872081.513399,39
2020-05-07 13:21:21.774744,Bluetooth,55:25:0e:31:e0:1e,-55,12,1588872081.774744,37
2020-05-07 13:21:21.779527,Bluetooth,55:25:0e:31:e0:1e,-51,12,1588872081.779527,38
2020-05-07 13:21:21.781206,Bluetooth,55:25:0e:31:e0:1e,-49,12,1588872081.781206,39
2020-05-07 13:21:22.045794,Bluetooth,55:25:0e:31:e0:1e,-55,12,1588872082.045794,37
2020-05-07 13:21:22.047932,Bluetooth,55:25:0e:31:e0:1e,-51,12,1588872082.047932,38
2020-05-07 13:21:22.049653,Bluetooth,55:25:0e:31:e0:1e,-48,12,1588872082.049653,39
2020-05-07 13:21:22.320368,Bluetooth,55:25:0e:31:e0:1e,-55,12,1588872082.320368,37
2020-05-07 13:21:22.322339,Bluetooth,55:25:0e:31:e0:1e,-51,12,1588872082.322339,38
2020-05-07 13:21:22.325031,Bluetooth,55:25:0e:31:e0:1e,-48,12,1588872082.325031,39
2020-05-07 13:21:22.596416,Bluetooth,55:25:0e:31:e0:1e,-55,12,1588872082.596416,37
2020-05-07 13:21:22.601155,Bluetooth,55:25:0e:31:e0:1e,-51,12,1588872082.601155,38
2020-05-07 13:21:22.605130,Bluetooth,55:25:0e:31:e0:1e,-46,12,1588872082.60513,39
2020-05-07 13:21:23.429826,Bluetooth,55:25:0e:31:e0:1e,-55,12,1588872083.429826,37
2020-05-07 13:21:23.434317,Bluetooth,55:25:0e:31:e0:1e,-51,12,1588872083.434317,38
2020-05-07 13:21:23.437600,Bluetooth,55:25:0e:31:e0:1e,-47,12,1588872083.4376,39
2020-05-07 13:21:23.704845,Bluetooth,55:25:0e:31:e0:1e,-55,12,1588872083.704845,37
2020-05-07 13:21:23.709316,Bluetooth,55:25:0e:31:e0:1e,-51,12,1588872083.709316,38
2020-05-07 13:21:23.713247,Bluetooth,55:25:0e:31:e0:1e,-46,12,1588872083.713247,39
2020-05-07 13:21:23.982763,Bluetooth,55:25:0e:31:e0:1e,-55,12,1588872083.982763,37
2020-05-07 13:21:23.984731,Bluetooth,55:25:0e:31:e0:1e,-51,12,1588872083.984731,38
2020-05-07 13:21:23.986292,Bluetooth,55:25:0e:31:e0:1e,-51,12,1588872083.986292,39
2020-05-07 13:21:24.264900,Bluetooth,55:25:0e:31:e0:1e,-55,12,1588872084.2649,37
2020-05-07 13:21:24.269165,Bluetooth,55:25:0e:31:e0:1e,-51,12,1588872084.269165,38
2020-05-07 13:21:24.270727,Bluetooth,55:25:0e:31:e0:1e,-48,12,1588872084.270727,39
2020-05-07 13:21:24.540402,Bluetooth,55:25:0e:31:e0:1e,-55,12,1588872084.540402,37
2020-05-07 13:21:24.542377,Bluetooth,55:25:0e:31:e0:1e,-52,12,1588872084.542377,38
2020-05-07 13:21:24.545010,Bluetooth,55:25:0e:31:e0:1e,-48,12,1588872084.54501,39
2020-05-07 13:21:24.816615,Bluetooth,55:25:0e:31:e0:1e,-55,12,1588872084.816615,37
2020-05-07 13:21:24.821071,Bluetooth,55:25:0e:31:e0:1e,-51,12,1588872084.821071,38
2020-05-07 13:21:24.825347,Bluetooth,55:25:0e:31:e0:1e,-48,12,1588872084.825347,39
2020-05-07 13:21:25.096528,Bluetooth,55:25:0e:31:e0:1e,-55,12,1588872085.096528,37
2020-05-07 13:21:25.098503,Bluetooth,55:25:0e:31:e0:1e,-51,12,1588872085.098503,38
2020-05-07 13:21:25.100024,Bluetooth,55:25:0e:31:e0:1e,-51,12,1588872085.100024,39
2020-05-07 13:21:25.372648,Bluetooth,55:25:0e:31:e0:1e,-55,12,1588872085.372648,37
2020-05-07 13:21:25.376989,Bluetooth,55:25:0e:31:e0:1e,-51,12,1588872085.376989,38
2020-05-07 13:21:25.380754,Bluetooth,55:25:0e:31:e0:1e,-48,12,1588872085.380754,39
2020-05-07 13:21:25.478574,Bluetooth,ec:d5:72:3c:f5:d0,-52,12,1588872085.478574,37
2020-05-07 13:21:25.483923,Bluetooth,ec:d5:72:3c:f5:d0,-51,12,1588872085.483923,38
2020-05-07 13:21:25.486561,Bluetooth,ec:d5:72:3c:f5:d0,-48,12,1588872085.486561,39
2020-05-07 13:21:25.647584,Bluetooth,55:25:0e:31:e0:1e,-55,12,1588872085.647584,37
2020-05-07 13:21:25.652821,Bluetooth,55:25:0e:31:e0:1e,-51,12,1588872085.652821,38
2020-05-07 13:21:25.656936,Bluetooth,55:25:0e:31:e0:1e,-49,12,1588872085.656936,39
2020-05-07 13:21:25.917576,Bluetooth,55:25:0e:31:e0:1e,-55,12,1588872085.917576,37
2020-05-07 13:21:25.921291,Bluetooth,55:25:0e:31:e0:1e,-50,12,1588872085.921291,38
2020-05-07 13:21:25.923016,Bluetooth,55:25:0e:31:e0:1e,-51,12,1588872085.923016,39
2020-05-07 13:21:26.191239,Bluetooth,55:25:0e:31:e0:1e,-55,12,1588872086.191239,37
2020-05-07 13:21:26.193131,Bluetooth,55:25:0e:31:e0:1e,-50,12,1588872086.193131,38
2020-05-07 13:21:26.194600,Bluetooth,55:25:0e:31:e0:1e,-51,12,1588872086.1946,39
2020-05-07 13:21:26.464677,Bluetooth,55:25:0e:31:e0:1e,-55,12,1588872086.464677,37
2020-05-07 13:21:26.468742,Bluetooth,55:25:0e:31:e0:1e,-51,12,1588872086.468742,38
2020-05-07 13:21:26.472313,Bluetooth,55:25:0e:31:e0:1e,-48,12,1588872086.472313,39
2020-05-07 13:21:26.734910,Bluetooth,55:25:0e:31:e0:1e,-55,12,1588872086.73491,37
2020-05-07 13:21:26.737136,Bluetooth,55:25:0e:31:e0:1e,-51,12,1588872086.737136,38
2020-05-07 13:21:26.738746,Bluetooth,55:25:0e:31:e0:1e,-46,12,1588872086.738746,39
2020-05-07 13:21:27.011442,Bluetooth,55:25:0e:31:e0:1e,-55,12,1588872087.011442,37
2020-05-07 13:21:27.015999,Bluetooth,55:25:0e:31:e0:1e,-51,12,1588872087.015999,38
2020-05-07 13:21:27.019816,Bluetooth,55:25:0e:31:e0:1e,-48,12,1588872087.019816,39
2020-05-07 13:21:27.281912,Bluetooth,55:25:0e:31:e0:1e,-55,12,1588872087.281912,37
2020-05-07 13:21:27.284056,Bluetooth,55:25:0e:31:e0:1e,-51,12,1588872087.284056,38
2020-05-07 13:21:27.285640,Bluetooth,55:25:0e:31:e0:1e,-48,12,1588872087.28564,39
2020-05-07 13:21:27.478795,Bluetooth,ec:d5:72:3c:f5:d0,-56,12,1588872087.478795,37
2020-05-07 13:21:27.481234,Bluetooth,ec:d5:72:3c:f5:d0,-54,12,1588872087.481234,38
2020-05-07 13:21:27.483244,Bluetooth,ec:d5:72:3c:f5:d0,-48,12,1588872087.483244,39
2020-05-07 13:21:27.557527,Bluetooth,55:25:0e:31:e0:1e,-55,12,1588872087.557527,37
2020-05-07 13:21:27.559710,Bluetooth,55:25:0e:31:e0:1e,-51,12,1588872087.55971,38
2020-05-07 13:21:27.561501,Bluetooth,55:25:0e:31:e0:1e,-52,12,1588872087.561501,39
2020-05-07 13:21:27.837408,Bluetooth,55:25:0e:31:e0:1e,-55,12,1588872087.837408,37
2020-05-07 13:21:27.841644,Bluetooth,55:25:0e:31:e0:1e,-51,12,1588872087.841644,38
2020-05-07 13:21:27.845227,Bluetooth,55:25:0e:31:e0:1e,-51,12,1588872087.845227,39
2020-05-07 13:21:28.111444,Bluetooth,55:25:0e:31:e0:1e,-55,12,1588872088.111444,37
2020-05-07 13:21:28.115749,Bluetooth,55:25:0e:31:e0:1e,-51,12,1588872088.115749,38
2020-05-07 13:21:28.119401,Bluetooth,55:25:0e:31:e0:1e,-48,12,1588872088.119401,39
2020-05-07 13:21:28.382872,Bluetooth,55:25:0e:31:e0:1e,-55,12,1588872088.382872,37
2020-05-07 13:21:28.384951,Bluetooth,55:25:0e:31:e0:1e,-51,12,1588872088.384951,38
2020-05-07 13:21:28.386801,Bluetooth,55:25:0e:31:e0:1e,-46,12,1588872088.386801,39
2020-05-07 13:21:28.656388,Bluetooth,55:25:0e:31:e0:1e,-55,12,1588872088.656388,37
2020-05-07 13:21:28.661034,Bluetooth,55:25:0e:31:e0:1e,-52,12,1588872088.661034,38
2020-05-07 13:21:28.664931,Bluetooth,55:25:0e:31:e0:1e,-51,12,1588872088.664931,39
2020-05-07 13:21:28.926560,Bluetooth,55:25:0e:31:e0:1e,-55,12,1588872088.92656,37
2020-05-07 13:21:28.929401,Bluetooth,55:25:0e:31:e0:1e,-51,12,1588872088.929401,38
2020-05-07 13:21:28.930965,Bluetooth,55:25:0e:31:e0:1e,-48,12,1588872088.930965,39
2020-05-07 13:21:29.201496,Bluetooth,55:25:0e:31:e0:1e,-55,12,1588872089.201496,37
2020-05-07 13:21:29.203680,Bluetooth,55:25:0e:31:e0:1e,-51,12,1588872089.20368,38
2020-05-07 13:21:29.205451,Bluetooth,55:25:0e:31:e0:1e,-51,12,1588872089.205451,39
2020-05-07 13:21:30.027512,Bluetooth,55:25:0e:31:e0:1e,-55,12,1588872090.027512,37
2020-05-07 13:21:30.031832,Bluetooth,55:25:0e:31:e0:1e,-51,12,1588872090.031832,38
2020-05-07 13:21:30.035437,Bluetooth,55:25:0e:31:e0:1e,-48,12,1588872090.035437,39
2020-05-07 13:21:30.297443,Bluetooth,55:25:0e:31:e0:1e,-55,12,1588872090.297443,37
2020-05-07 13:21:30.302065,Bluetooth,55:25:0e:31:e0:1e,-51,12,1588872090.302065,38
2020-05-07 13:21:30.305800,Bluetooth,55:25:0e:31:e0:1e,-51,12,1588872090.3058,39
2020-05-07 13:21:30.574332,Bluetooth,55:25:0e:31:e0:1e,-55,12,1588872090.574332,37
2020-05-07 13:21:30.576144,Bluetooth,55:25:0e:31:e0:1e,-51,12,1588872090.576144,38
2020-05-07 13:21:30.577665,Bluetooth,55:25:0e:31:e0:1e,-46,12,1588872090.577665,39
2020-05-07 13:21:30.854321,Bluetooth,55:25:0e:31:e0:1e,-55,12,1588872090.854321,37
2020-05-07 13:21:30.858234,Bluetooth,55:25:0e:31:e0:1e,-51,12,1588872090.858234,38
2020-05-07 13:21:30.862024,Bluetooth,55:25:0e:31:e0:1e,-48,12,1588872090.862024,39
2020-05-07 13:21:31.130370,Bluetooth,55:25:0e:31:e0:1e,-55,12,1588872091.13037,37
2020-05-07 13:21:31.132342,Bluetooth,55:25:0e:31:e0:1e,-51,12,1588872091.132342,38
2020-05-07 13:21:31.133796,Bluetooth,55:25:0e:31:e0:1e,-48,12,1588872091.133796,39
2020-05-07 13:21:31.402499,Bluetooth,55:25:0e:31:e0:1e,-55,12,1588872091.402499,37
2020-05-07 13:21:31.407006,Bluetooth,55:25:0e:31:e0:1e,-51,12,1588872091.407006,38
2020-05-07 13:21:31.410771,Bluetooth,55:25:0e:31:e0:1e,-51,12,1588872091.410771,39
2020-05-07 13:21:31.497520,Bluetooth,ec:d5:72:3c:f5:d0,-56,12,1588872091.49752,37
2020-05-07 13:21:31.505031,Bluetooth,ec:d5:72:3c:f5:d0,-51,12,1588872091.505031,38
2020-05-07 13:21:31.506963,Bluetooth,ec:d5:72:3c:f5:d0,-46,12,1588872091.506963,39
2020-05-07 13:21:31.672767,Bluetooth,55:25:0e:31:e0:1e,-55,12,1588872091.672767,37
2020-05-07 13:21:31.677620,Bluetooth,55:25:0e:31:e0:1e,-49,12,1588872091.67762,38
2020-05-07 13:21:31.680853,Bluetooth,55:25:0e:31:e0:1e,-52,12,1588872091.680853,39
2020-05-07 13:21:31.947771,Bluetooth,55:25:0e:31:e0:1e,-55,12,1588872091.947771,37
2020-05-07 13:21:31.952532,Bluetooth,55:25:0e:31:e0:1e,-51,12,1588872091.952532,38
2020-05-07 13:21:31.956455,Bluetooth,55:25:0e:31:e0:1e,-48,12,1588872091.956455,39
2020-05-07 13:21:32.224468,Bluetooth,55:25:0e:31:e0:1e,-55,12,1588872092.224468,37
2020-05-07 13:21:32.226412,Bluetooth,55:25:0e:31:e0:1e,-51,12,1588872092.226412,38
2020-05-07 13:21:32.227919,Bluetooth,55:25:0e:31:e0:1e,-51,12,1588872092.227919,39
2020-05-07 13:21:32.502685,Bluetooth,55:25:0e:31:e0:1e,-55,12,1588872092.502685,37
2020-05-07 13:21:32.507021,Bluetooth,55:25:0e:31:e0:1e,-51,12,1588872092.507021,38
2020-05-07 13:21:32.509223,Bluetooth,55:25:0e:31:e0:1e,-49,12,1588872092.509223,39
2020-05-07 13:21:33.327558,Bluetooth,55:25:0e:31:e0:1e,-55,12,1588872093.327558,37
2020-05-07 13:21:33.332118,Bluetooth,55:25:0e:31:e0:1e,-51,12,1588872093.332118,38
2020-05-07 13:21:33.335916,Bluetooth,55:25:0e:31:e0:1e,-49,12,1588872093.335916,39
2020-05-07 13:21:33.504328,Bluetooth,ec:d5:72:3c:f5:d0,-52,12,1588872093.504328,37
2020-05-07 13:21:33.509737,Bluetooth,ec:d5:72:3c:f5:d0,-51,12,1588872093.509737,38
2020-05-07 13:21:33.512315,Bluetooth,ec:d5:72:3c:f5:d0,-46,12,1588872093.512315,39
2020-05-07 13:21:33.601496,Bluetooth,55:25:0e:31:e0:1e,-55,12,1588872093.601496,37
2020-05-07 13:21:33.606104,Bluetooth,55:25:0e:31:e0:1e,-51,12,1588872093.606104,38
2020-05-07 13:21:33.608350,Bluetooth,55:25:0e:31:e0:1e,-46,12,1588872093.60835,39
2020-05-07 13:21:33.874497,Bluetooth,55:25:0e:31:e0:1e,-55,12,1588872093.874497,37
2020-05-07 13:21:33.876730,Bluetooth,55:25:0e:31:e0:1e,-51,12,1588872093.87673,38
2020-05-07 13:21:33.878417,Bluetooth,55:25:0e:31:e0:1e,-49,12,1588872093.878417,39
2020-05-07 13:21:34.154586,Bluetooth,55:25:0e:31:e0:1e,-55,12,1588872094.154586,37
2020-05-07 13:21:34.159241,Bluetooth,55:25:0e:31:e0:1e,-51,12,1588872094.159241,38
2020-05-07 13:21:34.163058,Bluetooth,55:25:0e:31:e0:1e,-47,12,1588872094.163058,39
2020-05-07 13:21:34.426642,Bluetooth,55:25:0e:31:e0:1e,-55,12,1588872094.426642,37
2020-05-07 13:21:34.428754,Bluetooth,55:25:0e:31:e0:1e,-51,12,1588872094.428754,38
2020-05-07 13:21:34.430254,Bluetooth,55:25:0e:31:e0:1e,-48,12,1588872094.430254,39
2020-05-07 13:21:34.708478,Bluetooth,55:25:0e:31:e0:1e,-55,12,1588872094.708478,37
2020-05-07 13:21:34.713129,Bluetooth,55:25:0e:31:e0:1e,-51,12,1588872094.713129,38
2020-05-07 13:21:34.717000,Bluetooth,55:25:0e:31:e0:1e,-48,12,1588872094.717,39
2020-05-07 13:21:34.982013,Bluetooth,55:25:0e:31:e0:1e,-55,12,1588872094.982013,37
2020-05-07 13:21:34.984110,Bluetooth,55:25:0e:31:e0:1e,-51,12,1588872094.98411,38
2020-05-07 13:21:34.985929,Bluetooth,55:25:0e:31:e0:1e,-48,12,1588872094.985929,39
2020-05-07 13:21:35.262517,Bluetooth,55:25:0e:31:e0:1e,-55,12,1588872095.262517,37
2020-05-07 13:21:35.267047,Bluetooth,55:25:0e:31:e0:1e,-51,12,1588872095.267047,38
2020-05-07 13:21:35.269309,Bluetooth,55:25:0e:31:e0:1e,-49,12,1588872095.269309,39
2020-05-07 13:21:35.512650,Bluetooth,ec:d5:72:3c:f5:d0,-56,12,1588872095.51265,37
2020-05-07 13:21:35.518411,Bluetooth,ec:d5:72:3c:f5:d0,-51,12,1588872095.518411,38
2020-05-07 13:21:35.521232,Bluetooth,ec:d5:72:3c:f5:d0,-46,12,1588872095.521232,39
2020-05-07 13:21:35.541681,Bluetooth,55:25:0e:31:e0:1e,-55,12,1588872095.541681,37
2020-05-07 13:21:35.546325,Bluetooth,55:25:0e:31:e0:1e,-50,12,1588872095.546325,38
2020-05-07 13:21:35.550025,Bluetooth,55:25:0e:31:e0:1e,-47,12,1588872095.550025,39
2020-05-07 13:21:35.817619,Bluetooth,55:25:0e:31:e0:1e,-55,12,1588872095.817619,37
2020-05-07 13:21:35.822290,Bluetooth,55:25:0e:31:e0:1e,-51,12,1588872095.82229,38
2020-05-07 13:21:35.830342,Bluetooth,55:25:0e:31:e0:1e,-51,12,1588872095.830342,39
2020-05-07 13:21:36.919642,Bluetooth,55:25:0e:31:e0:1e,-55,12,1588872096.919642,37
2020-05-07 13:21:36.923903,Bluetooth,55:25:0e:31:e0:1e,-51,12,1588872096.923903,38
2020-05-07 13:21:36.927523,Bluetooth,55:25:0e:31:e0:1e,-51,12,1588872096.927523,39
2020-05-07 13:21:37.197582,Bluetooth,55:25:0e:31:e0:1e,-55,12,1588872097.197582,37
2020-05-07 13:21:37.199445,Bluetooth,55:25:0e:31:e0:1e,-51,12,1588872097.199445,38
2020-05-07 13:21:37.201989,Bluetooth,55:25:0e:31:e0:1e,-46,12,1588872097.201989,39
2020-05-07 13:21:37.471644,Bluetooth,55:25:0e:31:e0:1e,-55,12,1588872097.471644,37
2020-05-07 13:21:37.476324,Bluetooth,55:25:0e:31:e0:1e,-51,12,1588872097.476324,38
2020-05-07 13:21:37.480072,Bluetooth,55:25:0e:31:e0:1e,-48,12,1588872097.480072,39
2020-05-07 13:21:37.520450,Bluetooth,ec:d5:72:3c:f5:d0,-56,12,1588872097.52045,37
2020-05-07 13:21:37.525858,Bluetooth,ec:d5:72:3c:f5:d0,-52,12,1588872097.525858,38
2020-05-07 13:21:37.528429,Bluetooth,ec:d5:72:3c:f5:d0,-46,12,1588872097.528429,39
2020-05-07 13:21:37.750022,Bluetooth,55:25:0e:31:e0:1e,-55,12,1588872097.750022,37
2020-05-07 13:21:37.755242,Bluetooth,55:25:0e:31:e0:1e,-51,12,1588872097.755242,38
2020-05-07 13:21:37.758138,Bluetooth,55:25:0e:31:e0:1e,-48,12,1588872097.758138,39
2020-05-07 13:21:38.021609,Bluetooth,55:25:0e:31:e0:1e,-55,12,1588872098.021609,37
2020-05-07 13:21:38.024049,Bluetooth,55:25:0e:31:e0:1e,-51,12,1588872098.024049,38
2020-05-07 13:21:38.025893,Bluetooth,55:25:0e:31:e0:1e,-48,12,1588872098.025893,39
2020-05-07 13:21:38.299528,Bluetooth,55:25:0e:31:e0:1e,-55,12,1588872098.299528,37
2020-05-07 13:21:38.301757,Bluetooth,55:25:0e:31:e0:1e,-51,12,1588872098.301757,38
2020-05-07 13:21:38.303511,Bluetooth,55:25:0e:31:e0:1e,-45,12,1588872098.303511,39
2020-05-07 13:21:38.581617,Bluetooth,55:25:0e:31:e0:1e,-55,12,1588872098.581617,37
2020-05-07 13:21:38.586244,Bluetooth,55:25:0e:31:e0:1e,-51,12,1588872098.586244,38
2020-05-07 13:21:38.589989,Bluetooth,55:25:0e:31:e0:1e,-46,12,1588872098.589989,39
2020-05-07 13:21:38.857600,Bluetooth,55:25:0e:31:e0:1e,-55,12,1588872098.8576,37
2020-05-07 13:21:38.859567,Bluetooth,55:25:0e:31:e0:1e,-51,12,1588872098.859567,38
2020-05-07 13:21:38.861108,Bluetooth,55:25:0e:31:e0:1e,-51,12,1588872098.861108,39
2020-05-07 13:21:39.129655,Bluetooth,55:25:0e:31:e0:1e,-55,12,1588872099.129655,37
2020-05-07 13:21:39.131733,Bluetooth,55:25:0e:31:e0:1e,-51,12,1588872099.131733,38
2020-05-07 13:21:39.133517,Bluetooth,55:25:0e:31:e0:1e,-51,12,1588872099.133517,39
2020-05-07 13:21:39.399494,Bluetooth,55:25:0e:31:e0:1e,-55,12,1588872099.399494,37
2020-05-07 13:21:39.401378,Bluetooth,55:25:0e:31:e0:1e,-51,12,1588872099.401378,38
2020-05-07 13:21:39.402867,Bluetooth,55:25:0e:31:e0:1e,-48,12,1588872099.402867,39
2020-05-07 13:21:39.526870,Bluetooth,ec:d5:72:3c:f5:d0,-55,12,1588872099.52687,37
2020-05-07 13:21:39.529491,Bluetooth,ec:d5:72:3c:f5:d0,-51,12,1588872099.529491,38
2020-05-07 13:21:39.531601,Bluetooth,ec:d5:72:3c:f5:d0,-46,12,1588872099.531601,39
2020-05-07 13:21:40.228712,Bluetooth,55:25:0e:31:e0:1e,-55,12,1588872100.228712,37
2020-05-07 13:21:40.233443,Bluetooth,55:25:0e:31:e0:1e,-51,12,1588872100.233443,38
2020-05-07 13:21:40.237497,Bluetooth,55:25:0e:31:e0:1e,-48,12,1588872100.237497,39
2020-05-07 13:21:40.502692,Bluetooth,55:25:0e:31:e0:1e,-55,12,1588872100.502692,37
2020-05-07 13:21:40.507261,Bluetooth,55:25:0e:31:e0:1e,-50,12,1588872100.507261,38
2020-05-07 13:21:40.511059,Bluetooth,55:25:0e:31:e0:1e,-47,12,1588872100.511059,39
2020-05-07 13:21:40.774677,Bluetooth,55:25:0e:31:e0:1e,-55,12,1588872100.774677,37
2020-05-07 13:21:40.776857,Bluetooth,55:25:0e:31:e0:1e,-51,12,1588872100.776857,38
2020-05-07 13:21:40.778556,Bluetooth,55:25:0e:31:e0:1e,-49,12,1588872100.778556,39
2020-05-07 13:21:41.052820,Bluetooth,55:25:0e:31:e0:1e,-55,12,1588872101.05282,37
2020-05-07 13:21:41.057572,Bluetooth,55:25:0e:31:e0:1e,-50,12,1588872101.057572,38
2020-05-07 13:21:41.061334,Bluetooth,55:25:0e:31:e0:1e,-51,12,1588872101.061334,39
2020-05-07 13:21:41.326662,Bluetooth,55:25:0e:31:e0:1e,-55,12,1588872101.326662,37
2020-05-07 13:21:41.328594,Bluetooth,55:25:0e:31:e0:1e,-51,12,1588872101.328594,38
2020-05-07 13:21:41.330114,Bluetooth,55:25:0e:31:e0:1e,-46,12,1588872101.330114,39
2020-05-07 13:21:41.530139,Bluetooth,ec:d5:72:3c:f5:d0,-55,12,1588872101.530139,37
2020-05-07 13:21:41.533717,Bluetooth,ec:d5:72:3c:f5:d0,-52,12,1588872101.533717,38
2020-05-07 13:21:41.535585,Bluetooth,ec:d5:72:3c:f5:d0,-47,12,1588872101.535585,39
2020-05-07 13:21:41.597827,Bluetooth,55:25:0e:31:e0:1e,-55,12,1588872101.597827,37
2020-05-07 13:21:41.599819,Bluetooth,55:25:0e:31:e0:1e,-51,12,1588872101.599819,38
2020-05-07 13:21:41.601488,Bluetooth,55:25:0e:31:e0:1e,-46,12,1588872101.601488,39
2020-05-07 13:21:41.872658,Bluetooth,55:25:0e:31:e0:1e,-55,12,1588872101.872658,37
2020-05-07 13:21:41.874620,Bluetooth,55:25:0e:31:e0:1e,-50,12,1588872101.87462,38
2020-05-07 13:21:41.877191,Bluetooth,55:25:0e:31:e0:1e,-49,12,1588872101.877191,39
2020-05-07 13:21:42.148718,Bluetooth,55:25:0e:31:e0:1e,-55,12,1588872102.148718,37
2020-05-07 13:21:42.153336,Bluetooth,55:25:0e:31:e0:1e,-51,12,1588872102.153336,38
2020-05-07 13:21:42.157121,Bluetooth,55:25:0e:31:e0:1e,-46,12,1588872102.157121,39
2020-05-07 13:21:42.422101,Bluetooth,55:25:0e:31:e0:1e,-55,12,1588872102.422101,37
2020-05-07 13:21:42.424091,Bluetooth,55:25:0e:31:e0:1e,-51,12,1588872102.424091,38
2020-05-07 13:21:42.425839,Bluetooth,55:25:0e:31:e0:1e,-46,12,1588872102.425839,39
2020-05-07 13:21:42.700217,Bluetooth,55:25:0e:31:e0:1e,-55,12,1588872102.700217,37
2020-05-07 13:21:42.705025,Bluetooth,55:25:0e:31:e0:1e,-51,12,1588872102.705025,38
2020-05-07 13:21:42.708988,Bluetooth,55:25:0e:31:e0:1e,-46,12,1588872102.708988,39
2020-05-07 13:21:43.536190,Bluetooth,ec:d5:72:3c:f5:d0,-56,12,1588872103.53619,37
2020-05-07 13:21:43.541755,Bluetooth,ec:d5:72:3c:f5:d0,-51,12,1588872103.541755,38
2020-05-07 13:21:43.544306,Bluetooth,ec:d5:72:3c:f5:d0,-46,12,1588872103.544306,39
2020-05-07 13:21:43.546006,Bluetooth,55:25:0e:31:e0:1e,-55,12,1588872103.546006,37
2020-05-07 13:21:43.547734,Bluetooth,55:25:0e:31:e0:1e,-51,12,1588872103.547734,38
2020-05-07 13:21:43.549373,Bluetooth,55:25:0e:31:e0:1e,-49,12,1588872103.549373,39
2020-05-07 13:21:43.813126,Bluetooth,55:25:0e:31:e0:1e,-55,12,1588872103.813126,37
2020-05-07 13:21:43.817506,Bluetooth,55:25:0e:31:e0:1e,-51,12,1588872103.817506,38
2020-05-07 13:21:43.821606,Bluetooth,55:25:0e:31:e0:1e,-48,12,1588872103.821606,39
2020-05-07 13:21:44.084182,Bluetooth,55:25:0e:31:e0:1e,-55,12,1588872104.084182,37
2020-05-07 13:21:44.086381,Bluetooth,55:25:0e:31:e0:1e,-51,12,1588872104.086381,38
2020-05-07 13:21:44.087843,Bluetooth,55:25:0e:31:e0:1e,-48,12,1588872104.087843,39
2020-05-07 13:21:44.359860,Bluetooth,55:25:0e:31:e0:1e,-55,12,1588872104.35986,37
2020-05-07 13:21:44.362279,Bluetooth,55:25:0e:31:e0:1e,-51,12,1588872104.362279,38
2020-05-07 13:21:44.364092,Bluetooth,55:25:0e:31:e0:1e,-51,12,1588872104.364092,39
2020-05-07 13:21:44.637729,Bluetooth,55:25:0e:31:e0:1e,-55,12,1588872104.637729,37
2020-05-07 13:21:44.639628,Bluetooth,55:25:0e:31:e0:1e,-51,12,1588872104.639628,38
2020-05-07 13:21:44.642327,Bluetooth,55:25:0e:31:e0:1e,-51,12,1588872104.642327,39
2020-05-07 13:21:44.918722,Bluetooth,55:25:0e:31:e0:1e,-55,12,1588872104.918722,37
2020-05-07 13:21:44.923099,Bluetooth,55:25:0e:31:e0:1e,-51,12,1588872104.923099,38
2020-05-07 13:21:44.926746,Bluetooth,55:25:0e:31:e0:1e,-48,12,1588872104.926746,39
2020-05-07 13:21:45.189345,Bluetooth,55:25:0e:31:e0:1e,-55,12,1588872105.189345,37
2020-05-07 13:21:45.191531,Bluetooth,55:25:0e:31:e0:1e,-51,12,1588872105.191531,38
2020-05-07 13:21:45.193154,Bluetooth,55:25:0e:31:e0:1e,-51,12,1588872105.193154,39
2020-05-07 13:21:45.467688,Bluetooth,55:25:0e:31:e0:1e,-55,12,1588872105.467688,37
2020-05-07 13:21:45.471934,Bluetooth,55:25:0e:31:e0:1e,-51,12,1588872105.471934,38
2020-05-07 13:21:45.475501,Bluetooth,55:25:0e:31:e0:1e,-49,12,1588872105.475501,39
2020-05-07 13:21:45.541468,Bluetooth,ec:d5:72:3c:f5:d0,-56,12,1588872105.541468,37
2020-05-07 13:21:45.546875,Bluetooth,ec:d5:72:3c:f5:d0,-51,12,1588872105.546875,38
2020-05-07 13:21:45.549438,Bluetooth,ec:d5:72:3c:f5:d0,-46,12,1588872105.549438,39
2020-05-07 13:21:45.743667,Bluetooth,55:25:0e:31:e0:1e,-55,12,1588872105.743667,37
2020-05-07 13:21:45.748788,Bluetooth,55:25:0e:31:e0:1e,-51,12,1588872105.748788,38
2020-05-07 13:21:45.752886,Bluetooth,55:25:0e:31:e0:1e,-52,12,1588872105.752886,39
2020-05-07 13:21:46.011640,Bluetooth,55:25:0e:31:e0:1e,-55,12,1588872106.01164,37
2020-05-07 13:21:46.015756,Bluetooth,55:25:0e:31:e0:1e,-50,12,1588872106.015756,38
2020-05-07 13:21:46.019444,Bluetooth,55:25:0e:31:e0:1e,-48,12,1588872106.019444,39
2020-05-07 13:21:47.113807,Bluetooth,55:25:0e:31:e0:1e,-55,12,1588872107.113807,37
2020-05-07 13:21:47.118497,Bluetooth,55:25:0e:31:e0:1e,-51,12,1588872107.118497,38
2020-05-07 13:21:47.122252,Bluetooth,55:25:0e:31:e0:1e,-49,12,1588872107.122252,39
2020-05-07 13:21:47.382904,Bluetooth,55:25:0e:31:e0:1e,-55,12,1588872107.382904,37
2020-05-07 13:21:47.384894,Bluetooth,55:25:0e:31:e0:1e,-50,12,1588872107.384894,38
2020-05-07 13:21:47.386389,Bluetooth,55:25:0e:31:e0:1e,-47,12,1588872107.386389,39
2020-05-07 13:21:47.548045,Bluetooth,ec:d5:72:3c:f5:d0,-55,12,1588872107.548045,37
2020-05-07 13:21:47.550430,Bluetooth,ec:d5:72:3c:f5:d0,-51,12,1588872107.55043,38
2020-05-07 13:21:47.552366,Bluetooth,ec:d5:72:3c:f5:d0,-48,12,1588872107.552366,39
2020-05-07 13:21:47.664758,Bluetooth,55:25:0e:31:e0:1e,-55,12,1588872107.664758,37
2020-05-07 13:21:47.669409,Bluetooth,55:25:0e:31:e0:1e,-51,12,1588872107.669409,38
2020-05-07 13:21:47.673139,Bluetooth,55:25:0e:31:e0:1e,-49,12,1588872107.673139,39
2020-05-07 13:21:47.938405,Bluetooth,55:25:0e:31:e0:1e,-55,12,1588872107.938405,37
2020-05-07 13:21:47.940392,Bluetooth,55:25:0e:31:e0:1e,-51,12,1588872107.940392,38
2020-05-07 13:21:47.941914,Bluetooth,55:25:0e:31:e0:1e,-46,12,1588872107.941914,39
2020-05-07 13:21:48.212821,Bluetooth,55:25:0e:31:e0:1e,-55,12,1588872108.212821,37
2020-05-07 13:21:48.217457,Bluetooth,55:25:0e:31:e0:1e,-51,12,1588872108.217457,38
2020-05-07 13:21:48.221229,Bluetooth,55:25:0e:31:e0:1e,-48,12,1588872108.221229,39
2020-05-07 13:21:48.482228,Bluetooth,55:25:0e:31:e0:1e,-55,12,1588872108.482228,37
2020-05-07 13:21:48.484485,Bluetooth,55:25:0e:31:e0:1e,-51,12,1588872108.484485,38
2020-05-07 13:21:48.486024,Bluetooth,55:25:0e:31:e0:1e,-52,12,1588872108.486024,39
2020-05-07 13:21:48.756812,Bluetooth,55:25:0e:31:e0:1e,-55,12,1588872108.756812,37
2020-05-07 13:21:48.758829,Bluetooth,55:25:0e:31:e0:1e,-52,12,1588872108.758829,38
2020-05-07 13:21:48.760620,Bluetooth,55:25:0e:31:e0:1e,-51,12,1588872108.76062,39
2020-05-07 13:21:49.033195,Bluetooth,55:25:0e:31:e0:1e,-55,12,1588872109.033195,37
2020-05-07 13:21:49.035040,Bluetooth,55:25:0e:31:e0:1e,-54,12,1588872109.03504,38
2020-05-07 13:21:49.036522,Bluetooth,55:25:0e:31:e0:1e,-48,12,1588872109.036522,39
2020-05-07 13:21:49.314090,Bluetooth,55:25:0e:31:e0:1e,-55,12,1588872109.31409,37
2020-05-07 13:21:49.318928,Bluetooth,55:25:0e:31:e0:1e,-51,12,1588872109.318928,38
2020-05-07 13:21:49.322875,Bluetooth,55:25:0e:31:e0:1e,-46,12,1588872109.322875,39
2020-05-07 13:21:49.865642,Bluetooth,55:25:0e:31:e0:1e,-55,12,1588872109.865642,37
2020-05-07 13:21:49.869179,Bluetooth,55:25:0e:31:e0:1e,-51,12,1588872109.869179,38
2020-05-07 13:21:49.870890,Bluetooth,55:25:0e:31:e0:1e,-49,12,1588872109.87089,39
2020-05-07 13:21:50.413422,Bluetooth,55:25:0e:31:e0:1e,-55,12,1588872110.413422,37
2020-05-07 13:21:50.418216,Bluetooth,55:25:0e:31:e0:1e,-51,12,1588872110.418216,38
2020-05-07 13:21:50.420649,Bluetooth,55:25:0e:31:e0:1e,-44,12,1588872110.420649,39
2020-05-07 13:21:50.684043,Bluetooth,55:25:0e:31:e0:1e,-55,12,1588872110.684043,37
2020-05-07 13:21:50.686031,Bluetooth,55:25:0e:31:e0:1e,-51,12,1588872110.686031,38
2020-05-07 13:21:50.687474,Bluetooth,55:25:0e:31:e0:1e,-52,12,1588872110.687474,39
2020-05-07 13:21:50.964942,Bluetooth,55:25:0e:31:e0:1e,-55,12,1588872110.964942,37
2020-05-07 13:21:50.969232,Bluetooth,55:25:0e:31:e0:1e,-51,12,1588872110.969232,38
2020-05-07 13:21:50.970723,Bluetooth,55:25:0e:31:e0:1e,-49,12,1588872110.970723,39
2020-05-07 13:21:51.240815,Bluetooth,55:25:0e:31:e0:1e,-55,12,1588872111.240815,37
2020-05-07 13:21:51.242797,Bluetooth,55:25:0e:31:e0:1e,-51,12,1588872111.242797,38
2020-05-07 13:21:51.245331,Bluetooth,55:25:0e:31:e0:1e,-52,12,1588872111.245331,39
2020-05-07 13:21:51.522820,Bluetooth,55:25:0e:31:e0:1e,-55,12,1588872111.52282,37
2020-05-07 13:21:51.527114,Bluetooth,55:25:0e:31:e0:1e,-50,12,1588872111.527114,38
2020-05-07 13:21:51.530761,Bluetooth,55:25:0e:31:e0:1e,-47,12,1588872111.530761,39
2020-05-07 13:21:51.569606,Bluetooth,ec:d5:72:3c:f5:d0,-52,12,1588872111.569606,37
2020-05-07 13:21:51.575003,Bluetooth,ec:d5:72:3c:f5:d0,-51,12,1588872111.575003,38
2020-05-07 13:21:51.578376,Bluetooth,ec:d5:72:3c:f5:d0,-46,12,1588872111.578376,39
2020-05-07 13:21:51.801083,Bluetooth,55:25:0e:31:e0:1e,-55,12,1588872111.801083,37
2020-05-07 13:21:51.809573,Bluetooth,55:25:0e:31:e0:1e,-51,12,1588872111.809573,38
2020-05-07 13:21:51.811459,Bluetooth,55:25:0e:31:e0:1e,-49,12,1588872111.811459,39
2020-05-07 13:21:52.078017,Bluetooth,55:25:0e:31:e0:1e,-55,12,1588872112.078017,37
2020-05-07 13:21:52.082571,Bluetooth,55:25:0e:31:e0:1e,-51,12,1588872112.082571,38
2020-05-07 13:21:52.086355,Bluetooth,55:25:0e:31:e0:1e,-51,12,1588872112.086355,39
2020-05-07 13:21:52.350882,Bluetooth,55:25:0e:31:e0:1e,-55,12,1588872112.350882,37
2020-05-07 13:21:52.352774,Bluetooth,55:25:0e:31:e0:1e,-51,12,1588872112.352774,38
2020-05-07 13:21:52.354246,Bluetooth,55:25:0e:31:e0:1e,-52,12,1588872112.354246,39
2020-05-07 13:21:52.632934,Bluetooth,55:25:0e:31:e0:1e,-55,12,1588872112.632934,37
2020-05-07 13:21:52.637194,Bluetooth,55:25:0e:31:e0:1e,-51,12,1588872112.637194,38
2020-05-07 13:21:52.640825,Bluetooth,55:25:0e:31:e0:1e,-49,12,1588872112.640825,39
2020-05-07 13:21:52.911256,Bluetooth,55:25:0e:31:e0:1e,-55,12,1588872112.911256,37
2020-05-07 13:21:52.913264,Bluetooth,55:25:0e:31:e0:1e,-51,12,1588872112.913264,38
2020-05-07 13:21:52.914744,Bluetooth,55:25:0e:31:e0:1e,-48,12,1588872112.914744,39
2020-05-07 13:21:53.574336,Bluetooth,ec:d5:72:3c:f5:d0,-56,12,1588872113.574336,37
2020-05-07 13:21:53.577009,Bluetooth,ec:d5:72:3c:f5:d0,-52,12,1588872113.577009,38
2020-05-07 13:21:53.579076,Bluetooth,ec:d5:72:3c:f5:d0,-48,12,1588872113.579076,39
2020-05-07 13:21:53.734876,Bluetooth,55:25:0e:31:e0:1e,-55,12,1588872113.734876,37
2020-05-07 13:21:53.739508,Bluetooth,55:25:0e:31:e0:1e,-51,12,1588872113.739508,38
2020-05-07 13:21:53.743255,Bluetooth,55:25:0e:31:e0:1e,-52,12,1588872113.743255,39
2020-05-07 13:21:54.011757,Bluetooth,55:25:0e:31:e0:1e,-55,12,1588872114.011757,37
2020-05-07 13:21:54.013624,Bluetooth,55:25:0e:31:e0:1e,-51,12,1588872114.013624,38
2020-05-07 13:21:54.015059,Bluetooth,55:25:0e:31:e0:1e,-46,12,1588872114.015059,39
2020-05-07 13:21:54.290833,Bluetooth,55:25:0e:31:e0:1e,-55,12,1588872114.290833,37
2020-05-07 13:21:54.293066,Bluetooth,55:25:0e:31:e0:1e,-51,12,1588872114.293066,38
2020-05-07 13:21:54.294834,Bluetooth,55:25:0e:31:e0:1e,-51,12,1588872114.294834,39
2020-05-07 13:21:54.570939,Bluetooth,55:25:0e:31:e0:1e,-55,12,1588872114.570939,37
2020-05-07 13:21:54.573070,Bluetooth,55:25:0e:31:e0:1e,-53,12,1588872114.57307,38
2020-05-07 13:21:54.574785,Bluetooth,55:25:0e:31:e0:1e,-51,12,1588872114.574785,39
2020-05-07 13:21:54.846314,Bluetooth,55:25:0e:31:e0:1e,-55,12,1588872114.846314,37
2020-05-07 13:21:54.850448,Bluetooth,55:25:0e:31:e0:1e,-51,12,1588872114.850448,38
2020-05-07 13:21:54.852660,Bluetooth,55:25:0e:31:e0:1e,-49,12,1588872114.85266,39
2020-05-07 13:21:55.115025,Bluetooth,55:25:0e:31:e0:1e,-55,12,1588872115.115025,37
2020-05-07 13:21:55.117203,Bluetooth,55:25:0e:31:e0:1e,-51,12,1588872115.117203,38
2020-05-07 13:21:55.118784,Bluetooth,55:25:0e:31:e0:1e,-48,12,1588872115.118784,39
2020-05-07 13:21:55.390368,Bluetooth,55:25:0e:31:e0:1e,-55,12,1588872115.390368,37
2020-05-07 13:21:55.395113,Bluetooth,55:25:0e:31:e0:1e,-51,12,1588872115.395113,38
2020-05-07 13:21:55.397971,Bluetooth,55:25:0e:31:e0:1e,-49,12,1588872115.397971,39
2020-05-07 13:21:55.660731,Bluetooth,55:25:0e:31:e0:1e,-55,12,1588872115.660731,37
2020-05-07 13:21:55.663132,Bluetooth,55:25:0e:31:e0:1e,-51,12,1588872115.663132,38
2020-05-07 13:21:55.664678,Bluetooth,55:25:0e:31:e0:1e,-48,12,1588872115.664678,39
2020-05-07 13:21:55.934060,Bluetooth,55:25:0e:31:e0:1e,-55,12,1588872115.93406,37
2020-05-07 13:21:55.936077,Bluetooth,55:25:0e:31:e0:1e,-51,12,1588872115.936077,38
2020-05-07 13:21:55.938070,Bluetooth,55:25:0e:31:e0:1e,-48,12,1588872115.93807,39
2020-05-07 13:21:56.212894,Bluetooth,55:25:0e:31:e0:1e,-55,12,1588872116.212894,37
2020-05-07 13:21:56.215080,Bluetooth,55:25:0e:31:e0:1e,-50,12,1588872116.21508,38
2020-05-07 13:21:56.216838,Bluetooth,55:25:0e:31:e0:1e,-51,12,1588872116.216838,39
2020-05-07 13:21:57.319882,Bluetooth,55:25:0e:31:e0:1e,-55,12,1588872117.319882,37
2020-05-07 13:21:57.324096,Bluetooth,55:25:0e:31:e0:1e,-54,12,1588872117.324096,38
2020-05-07 13:21:57.327733,Bluetooth,55:25:0e:31:e0:1e,-51,12,1588872117.327733,39
2020-05-07 13:21:57.581620,Bluetooth,ec:d5:72:3c:f5:d0,-55,12,1588872117.58162,37
2020-05-07 13:21:57.587037,Bluetooth,ec:d5:72:3c:f5:d0,-51,12,1588872117.587037,38
2020-05-07 13:21:57.589581,Bluetooth,ec:d5:72:3c:f5:d0,-48,12,1588872117.589581,39
2020-05-07 13:21:57.593987,Bluetooth,55:25:0e:31:e0:1e,-55,12,1588872117.593987,37
2020-05-07 13:21:57.595729,Bluetooth,55:25:0e:31:e0:1e,-51,12,1588872117.595729,38
2020-05-07 13:21:57.597189,Bluetooth,55:25:0e:31:e0:1e,-48,12,1588872117.597189,39
2020-05-07 13:21:57.865844,Bluetooth,55:25:0e:31:e0:1e,-55,12,1588872117.865844,37
2020-05-07 13:21:57.867765,Bluetooth,55:25:0e:31:e0:1e,-51,12,1588872117.867765,38
2020-05-07 13:21:57.869302,Bluetooth,55:25:0e:31:e0:1e,-49,12,1588872117.869302,39
2020-05-07 13:21:58.138019,Bluetooth,55:25:0e:31:e0:1e,-55,12,1588872118.138019,37
2020-05-07 13:21:58.142639,Bluetooth,55:25:0e:31:e0:1e,-52,12,1588872118.142639,38
2020-05-07 13:21:58.146394,Bluetooth,55:25:0e:31:e0:1e,-49,12,1588872118.146394,39
2020-05-07 13:21:58.409171,Bluetooth,55:25:0e:31:e0:1e,-55,12,1588872118.409171,37
2020-05-07 13:21:58.411441,Bluetooth,55:25:0e:31:e0:1e,-53,12,1588872118.411441,38
2020-05-07 13:21:58.413040,Bluetooth,55:25:0e:31:e0:1e,-51,12,1588872118.41304,39
2020-05-07 13:21:58.679104,Bluetooth,55:25:0e:31:e0:1e,-55,12,1588872118.679104,37
2020-05-07 13:21:58.683587,Bluetooth,55:25:0e:31:e0:1e,-54,12,1588872118.683587,38
2020-05-07 13:21:58.686141,Bluetooth,55:25:0e:31:e0:1e,-46,12,1588872118.686141,39
2020-05-07 13:21:58.949497,Bluetooth,55:25:0e:31:e0:1e,-55,12,1588872118.949497,37
2020-05-07 13:21:58.951637,Bluetooth,55:25:0e:31:e0:1e,-51,12,1588872118.951637,38
2020-05-07 13:21:58.953188,Bluetooth,55:25:0e:31:e0:1e,-48,12,1588872118.953188,39
2020-05-07 13:21:59.230714,Bluetooth,55:25:0e:31:e0:1e,-55,12,1588872119.230714,37
2020-05-07 13:21:59.235102,Bluetooth,55:25:0e:31:e0:1e,-51,12,1588872119.235102,38
2020-05-07 13:21:59.237370,Bluetooth,55:25:0e:31:e0:1e,-46,12,1588872119.23737,39
2020-05-07 13:21:59.507033,Bluetooth,55:25:0e:31:e0:1e,-55,12,1588872119.507033,37
2020-05-07 13:21:59.509402,Bluetooth,55:25:0e:31:e0:1e,-51,12,1588872119.509402,38
2020-05-07 13:21:59.510988,Bluetooth,55:25:0e:31:e0:1e,-51,12,1588872119.510988,39
2020-05-07 13:21:59.580559,Bluetooth,ec:d5:72:3c:f5:d0,-56,12,1588872119.580559,37
2020-05-07 13:21:59.583359,Bluetooth,ec:d5:72:3c:f5:d0,-51,12,1588872119.583359,38
2020-05-07 13:21:59.586359,Bluetooth,ec:d5:72:3c:f5:d0,-48,12,1588872119.586359,39
2020-05-07 13:22:00.324584,Bluetooth,55:25:0e:31:e0:1e,-55,12,1588872120.324584,37
2020-05-07 13:22:00.326626,Bluetooth,55:25:0e:31:e0:1e,-51,12,1588872120.326626,38
2020-05-07 13:22:00.328705,Bluetooth,55:25:0e:31:e0:1e,-49,12,1588872120.328705,39
2020-05-07 13:22:00.595875,Bluetooth,55:25:0e:31:e0:1e,-55,12,1588872120.595875,37
2020-05-07 13:22:00.604710,Bluetooth,55:25:0e:31:e0:1e,-51,12,1588872120.60471,38
2020-05-07 13:22:00.606707,Bluetooth,55:25:0e:31:e0:1e,-48,12,1588872120.606707,39
2020-05-07 13:22:00.871062,Bluetooth,55:25:0e:31:e0:1e,-55,12,1588872120.871062,37
2020-05-07 13:22:00.875940,Bluetooth,55:25:0e:31:e0:1e,-51,12,1588872120.87594,38
2020-05-07 13:22:00.879800,Bluetooth,55:25:0e:31:e0:1e,-52,12,1588872120.8798,39
2020-05-07 13:22:01.148120,Bluetooth,55:25:0e:31:e0:1e,-55,12,1588872121.14812,37
2020-05-07 13:22:01.149961,Bluetooth,55:25:0e:31:e0:1e,-54,12,1588872121.149961,38
2020-05-07 13:22:01.151497,Bluetooth,55:25:0e:31:e0:1e,-48,12,1588872121.151497,39
2020-05-07 13:22:01.425474,Bluetooth,55:25:0e:31:e0:1e,-55,12,1588872121.425474,37
2020-05-07 13:22:01.430197,Bluetooth,55:25:0e:31:e0:1e,-51,12,1588872121.430197,38
2020-05-07 13:22:01.432506,Bluetooth,55:25:0e:31:e0:1e,-49,12,1588872121.432506,39
2020-05-07 13:22:01.703600,Bluetooth,55:25:0e:31:e0:1e,-55,12,1588872121.7036,37
2020-05-07 13:22:01.705665,Bluetooth,55:25:0e:31:e0:1e,-51,12,1588872121.705665,38
2020-05-07 13:22:01.707135,Bluetooth,55:25:0e:31:e0:1e,-51,12,1588872121.707135,39
2020-05-07 13:22:01.978129,Bluetooth,55:25:0e:31:e0:1e,-55,12,1588872121.978129,37
2020-05-07 13:22:01.979932,Bluetooth,55:25:0e:31:e0:1e,-51,12,1588872121.979932,38
2020-05-07 13:22:01.981602,Bluetooth,55:25:0e:31:e0:1e,-46,12,1588872121.981602,39
2020-05-07 13:22:02.259432,Bluetooth,55:25:0e:31:e0:1e,-55,12,1588872122.259432,37
2020-05-07 13:22:02.264098,Bluetooth,55:25:0e:31:e0:1e,-51,12,1588872122.264098,38
2020-05-07 13:22:02.267843,Bluetooth,55:25:0e:31:e0:1e,-48,12,1588872122.267843,39
2020-05-07 13:22:02.535423,Bluetooth,55:25:0e:31:e0:1e,-55,12,1588872122.535423,37
2020-05-07 13:22:02.540089,Bluetooth,55:25:0e:31:e0:1e,-51,12,1588872122.540089,38
2020-05-07 13:22:02.544029,Bluetooth,55:25:0e:31:e0:1e,-52,12,1588872122.544029,39
2020-05-07 13:22:02.805190,Bluetooth,55:25:0e:31:e0:1e,-55,12,1588872122.80519,37
2020-05-07 13:22:02.807892,Bluetooth,55:25:0e:31:e0:1e,-51,12,1588872122.807892,38
2020-05-07 13:22:02.809667,Bluetooth,55:25:0e:31:e0:1e,-47,12,1588872122.809667,39
2020-05-07 13:22:03.595070,Bluetooth,ec:d5:72:3c:f5:d0,-56,12,1588872123.59507,37
2020-05-07 13:22:03.600510,Bluetooth,ec:d5:72:3c:f5:d0,-51,12,1588872123.60051,38
2020-05-07 13:22:03.602842,Bluetooth,ec:d5:72:3c:f5:d0,-46,12,1588872123.602842,39
2020-05-07 13:22:03.628563,Bluetooth,55:25:0e:31:e0:1e,-55,12,1588872123.628563,37
2020-05-07 13:22:03.633342,Bluetooth,55:25:0e:31:e0:1e,-51,12,1588872123.633342,38
2020-05-07 13:22:03.637264,Bluetooth,55:25:0e:31:e0:1e,-49,12,1588872123.637264,39
2020-05-07 13:22:03.896639,Bluetooth,55:25:0e:31:e0:1e,-55,12,1588872123.896639,37
2020-05-07 13:22:03.898898,Bluetooth,55:25:0e:31:e0:1e,-51,12,1588872123.898898,38
2020-05-07 13:22:03.900605,Bluetooth,55:25:0e:31:e0:1e,-48,12,1588872123.900605,39
2020-05-07 13:22:04.175021,Bluetooth,55:25:0e:31:e0:1e,-55,12,1588872124.175021,37
2020-05-07 13:22:04.179585,Bluetooth,55:25:0e:31:e0:1e,-51,12,1588872124.179585,38
2020-05-07 13:22:04.183384,Bluetooth,55:25:0e:31:e0:1e,-52,12,1588872124.183384,39
2020-05-07 13:22:04.447128,Bluetooth,55:25:0e:31:e0:1e,-55,12,1588872124.447128,37
2020-05-07 13:22:04.449055,Bluetooth,55:25:0e:31:e0:1e,-51,12,1588872124.449055,38
2020-05-07 13:22:04.450536,Bluetooth,55:25:0e:31:e0:1e,-49,12,1588872124.450536,39
2020-05-07 13:22:04.722091,Bluetooth,55:25:0e:31:e0:1e,-55,12,1588872124.722091,37
2020-05-07 13:22:04.724332,Bluetooth,55:25:0e:31:e0:1e,-54,12,1588872124.724332,38
2020-05-07 13:22:04.726113,Bluetooth,55:25:0e:31:e0:1e,-49,12,1588872124.726113,39
2020-05-07 13:22:04.992990,Bluetooth,55:25:0e:31:e0:1e,-55,12,1588872124.99299,37
2020-05-07 13:22:04.994928,Bluetooth,55:25:0e:31:e0:1e,-51,12,1588872124.994928,38
2020-05-07 13:22:04.996487,Bluetooth,55:25:0e:31:e0:1e,-52,12,1588872124.996487,39
2020-05-07 13:22:05.270840,Bluetooth,55:25:0e:31:e0:1e,-55,12,1588872125.27084,37
2020-05-07 13:22:05.274897,Bluetooth,55:25:0e:31:e0:1e,-51,12,1588872125.274897,38
2020-05-07 13:22:05.278584,Bluetooth,55:25:0e:31:e0:1e,-49,12,1588872125.278584,39
2020-05-07 13:22:05.549139,Bluetooth,55:25:0e:31:e0:1e,-55,12,1588872125.549139,37
2020-05-07 13:22:05.551160,Bluetooth,55:25:0e:31:e0:1e,-51,12,1588872125.55116,38
2020-05-07 13:22:05.553839,Bluetooth,55:25:0e:31:e0:1e,-48,12,1588872125.553839,39
2020-05-07 13:22:05.591601,Bluetooth,ec:d5:72:3c:f5:d0,-56,12,1588872125.591601,37
2020-05-07 13:22:05.593975,Bluetooth,ec:d5:72:3c:f5:d0,-51,12,1588872125.593975,38
2020-05-07 13:22:05.595956,Bluetooth,ec:d5:72:3c:f5:d0,-48,12,1588872125.595956,39
2020-05-07 13:22:05.828133,Bluetooth,55:25:0e:31:e0:1e,-55,12,1588872125.828133,37
2020-05-07 13:22:05.832813,Bluetooth,55:25:0e:31:e0:1e,-51,12,1588872125.832813,38
2020-05-07 13:22:05.836637,Bluetooth,55:25:0e:31:e0:1e,-51,12,1588872125.836637,39
2020-05-07 13:22:06.104093,Bluetooth,55:25:0e:31:e0:1e,-55,12,1588872126.104093,37
2020-05-07 13:22:06.105930,Bluetooth,55:25:0e:31:e0:1e,-54,12,1588872126.10593,38
2020-05-07 13:22:06.107385,Bluetooth,55:25:0e:31:e0:1e,-48,12,1588872126.107385,39
2020-05-07 13:22:06.924169,Bluetooth,55:25:0e:31:e0:1e,-55,12,1588872126.924169,37
2020-05-07 13:22:06.928705,Bluetooth,55:25:0e:31:e0:1e,-51,12,1588872126.928705,38
2020-05-07 13:22:06.930314,Bluetooth,55:25:0e:31:e0:1e,-48,12,1588872126.930314,39
2020-05-07 13:22:07.199587,Bluetooth,55:25:0e:31:e0:1e,-55,12,1588872127.199587,37
2020-05-07 13:22:07.201711,Bluetooth,55:25:0e:31:e0:1e,-51,12,1588872127.201711,38
2020-05-07 13:22:07.203450,Bluetooth,55:25:0e:31:e0:1e,-48,12,1588872127.20345,39
2020-05-07 13:22:07.471623,Bluetooth,55:25:0e:31:e0:1e,-55,12,1588872127.471623,37
2020-05-07 13:22:07.477171,Bluetooth,55:25:0e:31:e0:1e,-51,12,1588872127.477171,38
2020-05-07 13:22:07.479431,Bluetooth,55:25:0e:31:e0:1e,-51,12,1588872127.479431,39
2020-05-07 13:22:07.601220,Bluetooth,ec:d5:72:3c:f5:d0,-56,12,1588872127.60122,37
2020-05-07 13:22:07.606705,Bluetooth,ec:d5:72:3c:f5:d0,-51,12,1588872127.606705,38
2020-05-07 13:22:07.609335,Bluetooth,ec:d5:72:3c:f5:d0,-46,12,1588872127.609335,39
2020-05-07 13:22:07.751507,Bluetooth,55:25:0e:31:e0:1e,-55,12,1588872127.751507,37
2020-05-07 13:22:07.756769,Bluetooth,55:25:0e:31:e0:1e,-51,12,1588872127.756769,38
2020-05-07 13:22:07.761166,Bluetooth,55:25:0e:31:e0:1e,-47,12,1588872127.761166,39
2020-05-07 13:22:08.025496,Bluetooth,55:25:0e:31:e0:1e,-55,12,1588872128.025496,37
2020-05-07 13:22:08.030253,Bluetooth,55:25:0e:31:e0:1e,-49,12,1588872128.030253,38
2020-05-07 13:22:08.033722,Bluetooth,55:25:0e:31:e0:1e,-49,12,1588872128.033722,39
2020-05-07 13:22:08.299137,Bluetooth,55:25:0e:31:e0:1e,-55,12,1588872128.299137,37
2020-05-07 13:22:08.301138,Bluetooth,55:25:0e:31:e0:1e,-51,12,1588872128.301138,38
2020-05-07 13:22:08.302617,Bluetooth,55:25:0e:31:e0:1e,-48,12,1588872128.302617,39
2020-05-07 13:22:08.574144,Bluetooth,55:25:0e:31:e0:1e,-55,12,1588872128.574144,37
2020-05-07 13:22:08.582770,Bluetooth,55:25:0e:31:e0:1e,-51,12,1588872128.58277,38
2020-05-07 13:22:08.586561,Bluetooth,55:25:0e:31:e0:1e,-46,12,1588872128.586561,39
2020-05-07 13:22:08.852080,Bluetooth,55:25:0e:31:e0:1e,-55,12,1588872128.85208,37
2020-05-07 13:22:08.854137,Bluetooth,55:25:0e:31:e0:1e,-51,12,1588872128.854137,38
2020-05-07 13:22:08.855820,Bluetooth,55:25:0e:31:e0:1e,-51,12,1588872128.85582,39
2020-05-07 13:22:09.134281,Bluetooth,55:25:0e:31:e0:1e,-55,12,1588872129.134281,37
2020-05-07 13:22:09.138559,Bluetooth,55:25:0e:31:e0:1e,-51,12,1588872129.138559,38
2020-05-07 13:22:09.142135,Bluetooth,55:25:0e:31:e0:1e,-51,12,1588872129.142135,39
2020-05-07 13:22:09.405749,Bluetooth,55:25:0e:31:e0:1e,-55,12,1588872129.405749,37
2020-05-07 13:22:09.407679,Bluetooth,55:25:0e:31:e0:1e,-51,12,1588872129.407679,38
2020-05-07 13:22:09.409178,Bluetooth,55:25:0e:31:e0:1e,-52,12,1588872129.409178,39
2020-05-07 13:22:09.602997,Bluetooth,ec:d5:72:3c:f5:d0,-56,12,1588872129.602997,37
2020-05-07 13:22:09.608489,Bluetooth,ec:d5:72:3c:f5:d0,-51,12,1588872129.608489,38
2020-05-07 13:22:09.610712,Bluetooth,ec:d5:72:3c:f5:d0,-48,12,1588872129.610712,39
2020-05-07 13:22:10.235151,Bluetooth,55:25:0e:31:e0:1e,-55,12,1588872130.235151,37
2020-05-07 13:22:10.239392,Bluetooth,55:25:0e:31:e0:1e,-51,12,1588872130.239392,38
2020-05-07 13:22:10.243013,Bluetooth,55:25:0e:31:e0:1e,-48,12,1588872130.243013,39
2020-05-07 13:22:10.507463,Bluetooth,55:25:0e:31:e0:1e,-55,12,1588872130.507463,37
2020-05-07 13:22:10.511638,Bluetooth,55:25:0e:31:e0:1e,-54,12,1588872130.511638,38
2020-05-07 13:22:10.513312,Bluetooth,55:25:0e:31:e0:1e,-49,12,1588872130.513312,39
2020-05-07 13:22:10.782099,Bluetooth,55:25:0e:31:e0:1e,-55,12,1588872130.782099,37
2020-05-07 13:22:10.784031,Bluetooth,55:25:0e:31:e0:1e,-51,12,1588872130.784031,38
2020-05-07 13:22:10.785572,Bluetooth,55:25:0e:31:e0:1e,-48,12,1588872130.785572,39
2020-05-07 13:22:11.062846,Bluetooth,55:25:0e:31:e0:1e,-55,12,1588872131.062846,37
2020-05-07 13:22:11.067325,Bluetooth,55:25:0e:31:e0:1e,-51,12,1588872131.067325,38
2020-05-07 13:22:11.071183,Bluetooth,55:25:0e:31:e0:1e,-47,12,1588872131.071183,39
2020-05-07 13:22:11.334017,Bluetooth,55:25:0e:31:e0:1e,-55,12,1588872131.334017,37
2020-05-07 13:22:11.336093,Bluetooth,55:25:0e:31:e0:1e,-51,12,1588872131.336093,38
2020-05-07 13:22:11.337665,Bluetooth,55:25:0e:31:e0:1e,-48,12,1588872131.337665,39
2020-05-07 13:22:11.603109,Bluetooth,ec:d5:72:3c:f5:d0,-56,12,1588872131.603109,37
2020-05-07 13:22:11.605389,Bluetooth,ec:d5:72:3c:f5:d0,-51,12,1588872131.605389,38
2020-05-07 13:22:11.607322,Bluetooth,ec:d5:72:3c:f5:d0,-46,12,1588872131.607322,39
2020-05-07 13:22:11.612182,Bluetooth,55:25:0e:31:e0:1e,-55,12,1588872131.612182,37
2020-05-07 13:22:11.614242,Bluetooth,55:25:0e:31:e0:1e,-51,12,1588872131.614242,38
2020-05-07 13:22:11.615823,Bluetooth,55:25:0e:31:e0:1e,-48,12,1588872131.615823,39
2020-05-07 13:22:11.888087,Bluetooth,55:25:0e:31:e0:1e,-55,12,1588872131.888087,37
2020-05-07 13:22:11.890069,Bluetooth,55:25:0e:31:e0:1e,-51,12,1588872131.890069,38
2020-05-07 13:22:11.892650,Bluetooth,55:25:0e:31:e0:1e,-48,12,1588872131.89265,39
2020-05-07 13:22:12.169310,Bluetooth,55:25:0e:31:e0:1e,-55,12,1588872132.16931,37
2020-05-07 13:22:12.173978,Bluetooth,55:25:0e:31:e0:1e,-51,12,1588872132.173978,38
2020-05-07 13:22:12.177461,Bluetooth,55:25:0e:31:e0:1e,-49,12,1588872132.177461,39
2020-05-07 13:22:12.439911,Bluetooth,55:25:0e:31:e0:1e,-55,12,1588872132.439911,37
2020-05-07 13:22:12.442055,Bluetooth,55:25:0e:31:e0:1e,-51,12,1588872132.442055,38
2020-05-07 13:22:12.443538,Bluetooth,55:25:0e:31:e0:1e,-48,12,1588872132.443538,39
2020-05-07 13:22:12.712148,Bluetooth,55:25:0e:31:e0:1e,-55,12,1588872132.712148,37
2020-05-07 13:22:12.714491,Bluetooth,55:25:0e:31:e0:1e,-51,12,1588872132.714491,38
2020-05-07 13:22:12.717324,Bluetooth,55:25:0e:31:e0:1e,-48,12,1588872132.717324,39
2020-05-07 13:22:13.613725,Bluetooth,ec:d5:72:3c:f5:d0,-56,12,1588872133.613725,37
2020-05-07 13:22:13.621071,Bluetooth,ec:d5:72:3c:f5:d0,-51,12,1588872133.621071,38
2020-05-07 13:22:13.623038,Bluetooth,ec:d5:72:3c:f5:d0,-46,12,1588872133.623038,39
2020-05-07 13:22:13.815291,Bluetooth,55:25:0e:31:e0:1e,-55,12,1588872133.815291,37
2020-05-07 13:22:13.819898,Bluetooth,55:25:0e:31:e0:1e,-51,12,1588872133.819898,38
2020-05-07 13:22:13.823676,Bluetooth,55:25:0e:31:e0:1e,-48,12,1588872133.823676,39
2020-05-07 13:22:14.087759,Bluetooth,55:25:0e:31:e0:1e,-55,12,1588872134.087759,37
2020-05-07 13:22:14.089749,Bluetooth,55:25:0e:31:e0:1e,-51,12,1588872134.089749,38
2020-05-07 13:22:14.091204,Bluetooth,55:25:0e:31:e0:1e,-49,12,1588872134.091204,39
2020-05-07 13:22:14.365349,Bluetooth,55:25:0e:31:e0:1e,-55,12,1588872134.365349,37
2020-05-07 13:22:14.367534,Bluetooth,55:25:0e:31:e0:1e,-51,12,1588872134.367534,38
2020-05-07 13:22:14.369211,Bluetooth,55:25:0e:31:e0:1e,-48,12,1588872134.369211,39
2020-05-07 13:22:14.643145,Bluetooth,55:25:0e:31:e0:1e,-55,12,1588872134.643145,37
2020-05-07 13:22:14.647457,Bluetooth,55:25:0e:31:e0:1e,-51,12,1588872134.647457,38
2020-05-07 13:22:14.651008,Bluetooth,55:25:0e:31:e0:1e,-47,12,1588872134.651008,39
2020-05-07 13:22:14.922472,Bluetooth,55:25:0e:31:e0:1e,-55,12,1588872134.922472,37
2020-05-07 13:22:14.927918,Bluetooth,55:25:0e:31:e0:1e,-51,12,1588872134.927918,38
2020-05-07 13:22:14.931765,Bluetooth,55:25:0e:31:e0:1e,-52,12,1588872134.931765,39
2020-05-07 13:22:15.197231,Bluetooth,55:25:0e:31:e0:1e,-55,12,1588872135.197231,37
2020-05-07 13:22:15.199058,Bluetooth,55:25:0e:31:e0:1e,-51,12,1588872135.199058,38
2020-05-07 13:22:15.200550,Bluetooth,55:25:0e:31:e0:1e,-47,12,1588872135.20055,39
2020-05-07 13:22:15.476757,Bluetooth,55:25:0e:31:e0:1e,-55,12,1588872135.476757,37
2020-05-07 13:22:15.481603,Bluetooth,55:25:0e:31:e0:1e,-51,12,1588872135.481603,38
2020-05-07 13:22:15.485442,Bluetooth,55:25:0e:31:e0:1e,-44,12,1588872135.485442,39
2020-05-07 13:22:15.614777,Bluetooth,ec:d5:72:3c:f5:d0,-56,12,1588872135.614777,37
2020-05-07 13:22:15.620224,Bluetooth,ec:d5:72:3c:f5:d0,-52,12,1588872135.620224,38
2020-05-07 13:22:15.622754,Bluetooth,ec:d5:72:3c:f5:d0,-46,12,1588872135.622754,39
2020-05-07 13:22:15.750618,Bluetooth,55:25:0e:31:e0:1e,-55,12,1588872135.750618,37
2020-05-07 13:22:15.755793,Bluetooth,55:25:0e:31:e0:1e,-51,12,1588872135.755793,38
2020-05-07 13:22:15.759998,Bluetooth,55:25:0e:31:e0:1e,-47,12,1588872135.759998,39
2020-05-07 13:22:16.030678,Bluetooth,55:25:0e:31:e0:1e,-55,12,1588872136.030678,37
2020-05-07 13:22:16.035426,Bluetooth,55:25:0e:31:e0:1e,-50,12,1588872136.035426,38
2020-05-07 13:22:16.037750,Bluetooth,55:25:0e:31:e0:1e,-48,12,1588872136.03775,39
2020-05-07 13:22:16.300849,Bluetooth,55:25:0e:31:e0:1e,-55,12,1588872136.300849,37
2020-05-07 13:22:16.302932,Bluetooth,55:25:0e:31:e0:1e,-51,12,1588872136.302932,38
2020-05-07 13:22:16.304457,Bluetooth,55:25:0e:31:e0:1e,-49,12,1588872136.304457,39
2020-05-07 13:22:17.122513,Bluetooth,55:25:0e:31:e0:1e,-55,12,1588872137.122513,37
2020-05-07 13:22:17.127350,Bluetooth,55:25:0e:31:e0:1e,-51,12,1588872137.12735,38
2020-05-07 13:22:17.131184,Bluetooth,55:25:0e:31:e0:1e,-49,12,1588872137.131184,39
2020-05-07 13:22:17.397313,Bluetooth,55:25:0e:31:e0:1e,-55,12,1588872137.397313,37
2020-05-07 13:22:17.399315,Bluetooth,55:25:0e:31:e0:1e,-51,12,1588872137.399315,38
2020-05-07 13:22:17.400869,Bluetooth,55:25:0e:31:e0:1e,-47,12,1588872137.400869,39
2020-05-07 13:22:17.623870,Bluetooth,ec:d5:72:3c:f5:d0,-56,12,1588872137.62387,37
2020-05-07 13:22:17.629839,Bluetooth,ec:d5:72:3c:f5:d0,-51,12,1588872137.629839,38
2020-05-07 13:22:17.632888,Bluetooth,ec:d5:72:3c:f5:d0,-46,12,1588872137.632888,39
2020-05-07 13:22:17.671701,Bluetooth,55:25:0e:31:e0:1e,-55,12,1588872137.671701,37
2020-05-07 13:22:17.676568,Bluetooth,55:25:0e:31:e0:1e,-51,12,1588872137.676568,38
2020-05-07 13:22:17.680443,Bluetooth,55:25:0e:31:e0:1e,-44,12,1588872137.680443,39
2020-05-07 13:22:17.949420,Bluetooth,55:25:0e:31:e0:1e,-55,12,1588872137.94942,37
2020-05-07 13:22:17.951338,Bluetooth,55:25:0e:31:e0:1e,-51,12,1588872137.951338,38
2020-05-07 13:22:17.952967,Bluetooth,55:25:0e:31:e0:1e,-48,12,1588872137.952967,39
2020-05-07 13:22:18.229507,Bluetooth,55:25:0e:31:e0:1e,-55,12,1588872138.229507,37
2020-05-07 13:22:18.234317,Bluetooth,55:25:0e:31:e0:1e,-51,12,1588872138.234317,38
2020-05-07 13:22:18.238217,Bluetooth,55:25:0e:31:e0:1e,-49,12,1588872138.238217,39
2020-05-07 13:22:18.504494,Bluetooth,55:25:0e:31:e0:1e,-55,12,1588872138.504494,37
2020-05-07 13:22:18.506424,Bluetooth,55:25:0e:31:e0:1e,-51,12,1588872138.506424,38
2020-05-07 13:22:18.507973,Bluetooth,55:25:0e:31:e0:1e,-46,12,1588872138.507973,39
2020-05-07 13:22:18.778579,Bluetooth,55:25:0e:31:e0:1e,-55,12,1588872138.778579,37
2020-05-07 13:22:18.780869,Bluetooth,55:25:0e:31:e0:1e,-51,12,1588872138.780869,38
2020-05-07 13:22:18.782692,Bluetooth,55:25:0e:31:e0:1e,-48,12,1588872138.782692,39
2020-05-07 13:22:19.052330,Bluetooth,55:25:0e:31:e0:1e,-55,12,1588872139.05233,37
2020-05-07 13:22:19.054345,Bluetooth,55:25:0e:31:e0:1e,-51,12,1588872139.054345,38
2020-05-07 13:22:19.057011,Bluetooth,55:25:0e:31:e0:1e,-52,12,1588872139.057011,39
2020-05-07 13:22:19.334492,Bluetooth,55:25:0e:31:e0:1e,-55,12,1588872139.334492,37
2020-05-07 13:22:19.338885,Bluetooth,55:25:0e:31:e0:1e,-51,12,1588872139.338885,38
2020-05-07 13:22:19.342732,Bluetooth,55:25:0e:31:e0:1e,-52,12,1588872139.342732,39
2020-05-07 13:22:19.609460,Bluetooth,55:25:0e:31:e0:1e,-55,12,1588872139.60946,37
2020-05-07 13:22:19.611317,Bluetooth,55:25:0e:31:e0:1e,-52,12,1588872139.611317,38
2020-05-07 13:22:19.612805,Bluetooth,55:25:0e:31:e0:1e,-46,12,1588872139.612805,39
2020-05-07 13:22:19.627397,Bluetooth,ec:d5:72:3c:f5:d0,-54,12,1588872139.627397,37
2020-05-07 13:22:19.632740,Bluetooth,ec:d5:72:3c:f5:d0,-51,12,1588872139.63274,38
2020-05-07 13:22:19.637256,Bluetooth,ec:d5:72:3c:f5:d0,-46,12,1588872139.637256,39
2020-05-07 13:22:20.721756,Bluetooth,55:25:0e:31:e0:1e,-55,12,1588872140.721756,37
2020-05-07 13:22:20.726449,Bluetooth,55:25:0e:31:e0:1e,-51,12,1588872140.726449,38
2020-05-07 13:22:20.729710,Bluetooth,55:25:0e:31:e0:1e,-48,12,1588872140.72971,39
2020-05-07 13:22:20.994438,Bluetooth,55:25:0e:31:e0:1e,-55,12,1588872140.994438,37
2020-05-07 13:22:20.999157,Bluetooth,55:25:0e:31:e0:1e,-51,12,1588872140.999157,38
2020-05-07 13:22:21.002990,Bluetooth,55:25:0e:31:e0:1e,-49,12,1588872141.00299,39
2020-05-07 13:22:21.267522,Bluetooth,55:25:0e:31:e0:1e,-55,12,1588872141.267522,37
2020-05-07 13:22:21.269562,Bluetooth,55:25:0e:31:e0:1e,-51,12,1588872141.269562,38
2020-05-07 13:22:21.271097,Bluetooth,55:25:0e:31:e0:1e,-48,12,1588872141.271097,39
2020-05-07 13:22:21.546730,Bluetooth,55:25:0e:31:e0:1e,-55,12,1588872141.54673,37
2020-05-07 13:22:21.551487,Bluetooth,55:25:0e:31:e0:1e,-51,12,1588872141.551487,38
2020-05-07 13:22:21.555310,Bluetooth,55:25:0e:31:e0:1e,-48,12,1588872141.55531,39
2020-05-07 13:22:21.632462,Bluetooth,ec:d5:72:3c:f5:d0,-54,12,1588872141.632462,37
2020-05-07 13:22:21.638025,Bluetooth,ec:d5:72:3c:f5:d0,-52,12,1588872141.638025,38
2020-05-07 13:22:21.640623,Bluetooth,ec:d5:72:3c:f5:d0,-47,12,1588872141.640623,39
2020-05-07 13:22:21.821709,Bluetooth,55:25:0e:31:e0:1e,-55,12,1588872141.821709,37
2020-05-07 13:22:21.826841,Bluetooth,55:25:0e:31:e0:1e,-51,12,1588872141.826841,38
2020-05-07 13:22:21.829964,Bluetooth,55:25:0e:31:e0:1e,-46,12,1588872141.829964,39
2020-05-07 13:22:22.095538,Bluetooth,55:25:0e:31:e0:1e,-55,12,1588872142.095538,37
2020-05-07 13:22:22.100364,Bluetooth,55:25:0e:31:e0:1e,-51,12,1588872142.100364,38
2020-05-07 13:22:22.104140,Bluetooth,55:25:0e:31:e0:1e,-47,12,1588872142.10414,39
2020-05-07 13:22:22.369038,Bluetooth,55:25:0e:31:e0:1e,-55,12,1588872142.369038,37
2020-05-07 13:22:22.371780,Bluetooth,55:25:0e:31:e0:1e,-51,12,1588872142.37178,38
2020-05-07 13:22:22.373607,Bluetooth,55:25:0e:31:e0:1e,-48,12,1588872142.373607,39
2020-05-07 13:22:22.645830,Bluetooth,55:25:0e:31:e0:1e,-55,12,1588872142.64583,37
2020-05-07 13:22:22.650267,Bluetooth,55:25:0e:31:e0:1e,-54,12,1588872142.650267,38
2020-05-07 13:22:22.654082,Bluetooth,55:25:0e:31:e0:1e,-46,12,1588872142.654082,39
2020-05-07 13:22:22.918467,Bluetooth,55:25:0e:31:e0:1e,-55,12,1588872142.918467,37
2020-05-07 13:22:22.920452,Bluetooth,55:25:0e:31:e0:1e,-51,12,1588872142.920452,38
2020-05-07 13:22:22.921919,Bluetooth,55:25:0e:31:e0:1e,-48,12,1588872142.921919,39
2020-05-07 13:22:23.200523,Bluetooth,55:25:0e:31:e0:1e,-55,12,1588872143.200523,37
2020-05-07 13:22:23.205168,Bluetooth,55:25:0e:31:e0:1e,-51,12,1588872143.205168,38
2020-05-07 13:22:23.209000,Bluetooth,55:25:0e:31:e0:1e,-49,12,1588872143.209,39
2020-05-07 13:22:23.634315,Bluetooth,ec:d5:72:3c:f5:d0,-56,12,1588872143.634315,37
2020-05-07 13:22:23.639788,Bluetooth,ec:d5:72:3c:f5:d0,-51,12,1588872143.639788,38
2020-05-07 13:22:23.644312,Bluetooth,ec:d5:72:3c:f5:d0,-47,12,1588872143.644312,39
2020-05-07 13:22:24.030744,Bluetooth,55:25:0e:31:e0:1e,-55,12,1588872144.030744,37
2020-05-07 13:22:24.035399,Bluetooth,55:25:0e:31:e0:1e,-51,12,1588872144.035399,38
2020-05-07 13:22:24.039346,Bluetooth,55:25:0e:31:e0:1e,-44,12,1588872144.039346,39
2020-05-07 13:22:24.298467,Bluetooth,55:25:0e:31:e0:1e,-55,12,1588872144.298467,37
2020-05-07 13:22:24.300512,Bluetooth,55:25:0e:31:e0:1e,-51,12,1588872144.300512,38
2020-05-07 13:22:24.302115,Bluetooth,55:25:0e:31:e0:1e,-48,12,1588872144.302115,39
2020-05-07 13:22:24.575832,Bluetooth,55:25:0e:31:e0:1e,-55,12,1588872144.575832,37
2020-05-07 13:22:24.580451,Bluetooth,55:25:0e:31:e0:1e,-51,12,1588872144.580451,38
2020-05-07 13:22:24.584025,Bluetooth,55:25:0e:31:e0:1e,-48,12,1588872144.584025,39
2020-05-07 13:22:24.847549,Bluetooth,55:25:0e:31:e0:1e,-55,12,1588872144.847549,37
2020-05-07 13:22:24.852066,Bluetooth,55:25:0e:31:e0:1e,-51,12,1588872144.852066,38
2020-05-07 13:22:24.853766,Bluetooth,55:25:0e:31:e0:1e,-47,12,1588872144.853766,39
2020-05-07 13:22:25.126778,Bluetooth,55:25:0e:31:e0:1e,-55,12,1588872145.126778,37
2020-05-07 13:22:25.131068,Bluetooth,55:25:0e:31:e0:1e,-51,12,1588872145.131068,38
2020-05-07 13:22:25.134810,Bluetooth,55:25:0e:31:e0:1e,-48,12,1588872145.13481,39
2020-05-07 13:22:25.401490,Bluetooth,55:25:0e:31:e0:1e,-55,12,1588872145.40149,37
2020-05-07 13:22:25.406053,Bluetooth,55:25:0e:31:e0:1e,-51,12,1588872145.406053,38
2020-05-07 13:22:25.409476,Bluetooth,55:25:0e:31:e0:1e,-47,12,1588872145.409476,39
2020-05-07 13:22:25.643296,Bluetooth,ec:d5:72:3c:f5:d0,-55,12,1588872145.643296,37
2020-05-07 13:22:25.649189,Bluetooth,ec:d5:72:3c:f5:d0,-51,12,1588872145.649189,38
2020-05-07 13:22:25.651863,Bluetooth,ec:d5:72:3c:f5:d0,-47,12,1588872145.651863,39
2020-05-07 13:22:25.677460,Bluetooth,55:25:0e:31:e0:1e,-55,12,1588872145.67746,37
2020-05-07 13:22:25.681921,Bluetooth,55:25:0e:31:e0:1e,-51,12,1588872145.681921,38
2020-05-07 13:22:25.685558,Bluetooth,55:25:0e:31:e0:1e,-48,12,1588872145.685558,39
2020-05-07 13:22:25.951518,Bluetooth,55:25:0e:31:e0:1e,-55,12,1588872145.951518,37
2020-05-07 13:22:25.956396,Bluetooth,55:25:0e:31:e0:1e,-51,12,1588872145.956396,38
2020-05-07 13:22:25.958400,Bluetooth,55:25:0e:31:e0:1e,-48,12,1588872145.9584,39
2020-05-07 13:22:26.222680,Bluetooth,55:25:0e:31:e0:1e,-55,12,1588872146.22268,37
2020-05-07 13:22:26.224712,Bluetooth,55:25:0e:31:e0:1e,-51,12,1588872146.224712,38
2020-05-07 13:22:26.226211,Bluetooth,55:25:0e:31:e0:1e,-49,12,1588872146.226211,39
2020-05-07 13:22:26.496419,Bluetooth,55:25:0e:31:e0:1e,-55,12,1588872146.496419,37
2020-05-07 13:22:26.501089,Bluetooth,55:25:0e:31:e0:1e,-51,12,1588872146.501089,38
2020-05-07 13:22:26.504951,Bluetooth,55:25:0e:31:e0:1e,-48,12,1588872146.504951,39
2020-05-07 13:22:27.307512,Bluetooth,55:25:0e:31:e0:1e,-55,12,1588872147.307512,37
2020-05-07 13:22:27.312048,Bluetooth,55:25:0e:31:e0:1e,-50,12,1588872147.312048,38
2020-05-07 13:22:27.315888,Bluetooth,55:25:0e:31:e0:1e,-51,12,1588872147.315888,39
2020-05-07 13:22:27.587478,Bluetooth,55:25:0e:31:e0:1e,-55,12,1588872147.587478,37
2020-05-07 13:22:27.591666,Bluetooth,55:25:0e:31:e0:1e,-51,12,1588872147.591666,38
2020-05-07 13:22:27.595323,Bluetooth,55:25:0e:31:e0:1e,-48,12,1588872147.595323,39
2020-05-07 13:22:27.865560,Bluetooth,55:25:0e:31:e0:1e,-55,12,1588872147.86556,37
2020-05-07 13:22:27.867401,Bluetooth,55:25:0e:31:e0:1e,-51,12,1588872147.867401,38
2020-05-07 13:22:27.869971,Bluetooth,55:25:0e:31:e0:1e,-49,12,1588872147.869971,39
2020-05-07 13:22:28.145449,Bluetooth,55:25:0e:31:e0:1e,-55,12,1588872148.145449,37
2020-05-07 13:22:28.147437,Bluetooth,55:25:0e:31:e0:1e,-51,12,1588872148.147437,38
2020-05-07 13:22:28.149094,Bluetooth,55:25:0e:31:e0:1e,-48,12,1588872148.149094,39
2020-05-07 13:22:28.416672,Bluetooth,55:25:0e:31:e0:1e,-55,12,1588872148.416672,37
2020-05-07 13:22:28.418627,Bluetooth,55:25:0e:31:e0:1e,-51,12,1588872148.418627,38
2020-05-07 13:22:28.420100,Bluetooth,55:25:0e:31:e0:1e,-46,12,1588872148.4201,39
2020-05-07 13:22:28.697589,Bluetooth,55:25:0e:31:e0:1e,-55,12,1588872148.697589,37
2020-05-07 13:22:28.702153,Bluetooth,55:25:0e:31:e0:1e,-50,12,1588872148.702153,38
2020-05-07 13:22:28.704335,Bluetooth,55:25:0e:31:e0:1e,-49,12,1588872148.704335,39
2020-05-07 13:22:28.971009,Bluetooth,55:25:0e:31:e0:1e,-55,12,1588872148.971009,37
2020-05-07 13:22:28.973117,Bluetooth,55:25:0e:31:e0:1e,-51,12,1588872148.973117,38
2020-05-07 13:22:28.974644,Bluetooth,55:25:0e:31:e0:1e,-48,12,1588872148.974644,39
2020-05-07 13:22:29.251701,Bluetooth,55:25:0e:31:e0:1e,-55,12,1588872149.251701,37
2020-05-07 13:22:29.256505,Bluetooth,55:25:0e:31:e0:1e,-51,12,1588872149.256505,38
2020-05-07 13:22:29.260474,Bluetooth,55:25:0e:31:e0:1e,-51,12,1588872149.260474,39
2020-05-07 13:22:29.525203,Bluetooth,55:25:0e:31:e0:1e,-55,12,1588872149.525203,37
2020-05-07 13:22:29.527059,Bluetooth,55:25:0e:31:e0:1e,-51,12,1588872149.527059,38
2020-05-07 13:22:29.528603,Bluetooth,55:25:0e:31:e0:1e,-51,12,1588872149.528603,39
2020-05-07 13:22:29.644354,Bluetooth,ec:d5:72:3c:f5:d0,-55,12,1588872149.644354,37
2020-05-07 13:22:29.650605,Bluetooth,ec:d5:72:3c:f5:d0,-51,12,1588872149.650605,38
2020-05-07 13:22:29.655605,Bluetooth,ec:d5:72:3c:f5:d0,-48,12,1588872149.655605,39
2020-05-07 13:22:29.797936,Bluetooth,55:25:0e:31:e0:1e,-55,12,1588872149.797936,37
2020-05-07 13:22:29.801860,Bluetooth,55:25:0e:31:e0:1e,-51,12,1588872149.80186,38
2020-05-07 13:22:29.803466,Bluetooth,55:25:0e:31:e0:1e,-49,12,1588872149.803466,39
2020-05-07 13:22:30.620686,Bluetooth,55:25:0e:31:e0:1e,-55,12,1588872150.620686,37
2020-05-07 13:22:30.625452,Bluetooth,55:25:0e:31:e0:1e,-51,12,1588872150.625452,38
2020-05-07 13:22:30.629275,Bluetooth,55:25:0e:31:e0:1e,-48,12,1588872150.629275,39
2020-05-07 13:22:30.892991,Bluetooth,55:25:0e:31:e0:1e,-55,12,1588872150.892991,37
2020-05-07 13:22:30.897711,Bluetooth,55:25:0e:31:e0:1e,-51,12,1588872150.897711,38
2020-05-07 13:22:30.901378,Bluetooth,55:25:0e:31:e0:1e,-52,12,1588872150.901378,39
2020-05-07 13:22:31.170750,Bluetooth,55:25:0e:31:e0:1e,-55,12,1588872151.17075,37
2020-05-07 13:22:31.172672,Bluetooth,55:25:0e:31:e0:1e,-51,12,1588872151.172672,38
2020-05-07 13:22:31.174150,Bluetooth,55:25:0e:31:e0:1e,-46,12,1588872151.17415,39
2020-05-07 13:22:31.453037,Bluetooth,55:25:0e:31:e0:1e,-55,12,1588872151.453037,37
2020-05-07 13:22:31.457775,Bluetooth,55:25:0e:31:e0:1e,-51,12,1588872151.457775,38
2020-05-07 13:22:31.461460,Bluetooth,55:25:0e:31:e0:1e,-46,12,1588872151.46146,39
2020-05-07 13:22:31.646146,Bluetooth,ec:d5:72:3c:f5:d0,-55,12,1588872151.646146,37
2020-05-07 13:22:31.651818,Bluetooth,ec:d5:72:3c:f5:d0,-51,12,1588872151.651818,38
2020-05-07 13:22:31.654721,Bluetooth,ec:d5:72:3c:f5:d0,-46,12,1588872151.654721,39
2020-05-07 13:22:31.724625,Bluetooth,55:25:0e:31:e0:1e,-55,12,1588872151.724625,37
2020-05-07 13:22:31.726778,Bluetooth,55:25:0e:31:e0:1e,-51,12,1588872151.726778,38
2020-05-07 13:22:31.728592,Bluetooth,55:25:0e:31:e0:1e,-48,12,1588872151.728592,39
2020-05-07 13:22:31.996935,Bluetooth,55:25:0e:31:e0:1e,-55,12,1588872151.996935,37
2020-05-07 13:22:32.001423,Bluetooth,55:25:0e:31:e0:1e,-51,12,1588872152.001423,38
2020-05-07 13:22:32.003067,Bluetooth,55:25:0e:31:e0:1e,-47,12,1588872152.003067,39
2020-05-07 13:22:32.274638,Bluetooth,55:25:0e:31:e0:1e,-55,12,1588872152.274638,37
2020-05-07 13:22:32.278489,Bluetooth,55:25:0e:31:e0:1e,-51,12,1588872152.278489,38
2020-05-07 13:22:32.282211,Bluetooth,55:25:0e:31:e0:1e,-49,12,1588872152.282211,39
2020-05-07 13:22:32.549408,Bluetooth,55:25:0e:31:e0:1e,-55,12,1588872152.549408,37
2020-05-07 13:22:32.553965,Bluetooth,55:25:0e:31:e0:1e,-51,12,1588872152.553965,38
2020-05-07 13:22:32.558375,Bluetooth,55:25:0e:31:e0:1e,-49,12,1588872152.558375,39
2020-05-07 13:22:32.821146,Bluetooth,55:25:0e:31:e0:1e,-55,12,1588872152.821146,37
2020-05-07 13:22:32.823402,Bluetooth,55:25:0e:31:e0:1e,-51,12,1588872152.823402,38
2020-05-07 13:22:32.824995,Bluetooth,55:25:0e:31:e0:1e,-48,12,1588872152.824995,39
2020-05-07 13:22:33.101570,Bluetooth,55:25:0e:31:e0:1e,-55,12,1588872153.10157,37
2020-05-07 13:22:33.106192,Bluetooth,55:25:0e:31:e0:1e,-51,12,1588872153.106192,38
2020-05-07 13:22:33.109501,Bluetooth,55:25:0e:31:e0:1e,-47,12,1588872153.109501,39
2020-05-07 13:22:33.933897,Bluetooth,55:25:0e:31:e0:1e,-55,12,1588872153.933897,37
2020-05-07 13:22:33.938290,Bluetooth,55:25:0e:31:e0:1e,-51,12,1588872153.93829,38
2020-05-07 13:22:33.941776,Bluetooth,55:25:0e:31:e0:1e,-48,12,1588872153.941776,39
2020-05-07 13:22:34.208877,Bluetooth,55:25:0e:31:e0:1e,-55,12,1588872154.208877,37
2020-05-07 13:22:34.213242,Bluetooth,55:25:0e:31:e0:1e,-51,12,1588872154.213242,38
2020-05-07 13:22:34.217082,Bluetooth,55:25:0e:31:e0:1e,-48,12,1588872154.217082,39
2020-05-07 13:22:34.479063,Bluetooth,55:25:0e:31:e0:1e,-55,12,1588872154.479063,37
2020-05-07 13:22:34.481219,Bluetooth,55:25:0e:31:e0:1e,-51,12,1588872154.481219,38
2020-05-07 13:22:34.482830,Bluetooth,55:25:0e:31:e0:1e,-52,12,1588872154.48283,39
2020-05-07 13:22:34.751627,Bluetooth,55:25:0e:31:e0:1e,-55,12,1588872154.751627,37
2020-05-07 13:22:34.755869,Bluetooth,55:25:0e:31:e0:1e,-51,12,1588872154.755869,38
2020-05-07 13:22:34.759495,Bluetooth,55:25:0e:31:e0:1e,-51,12,1588872154.759495,39
2020-05-07 13:22:35.029544,Bluetooth,55:25:0e:31:e0:1e,-55,12,1588872155.029544,37
2020-05-07 13:22:35.031388,Bluetooth,55:25:0e:31:e0:1e,-51,12,1588872155.031388,38
2020-05-07 13:22:35.033960,Bluetooth,55:25:0e:31:e0:1e,-46,12,1588872155.03396,39
2020-05-07 13:22:35.311973,Bluetooth,55:25:0e:31:e0:1e,-55,12,1588872155.311973,37
2020-05-07 13:22:35.316774,Bluetooth,55:25:0e:31:e0:1e,-51,12,1588872155.316774,38
2020-05-07 13:22:35.320768,Bluetooth,55:25:0e:31:e0:1e,-48,12,1588872155.320768,39
2020-05-07 13:22:35.582739,Bluetooth,55:25:0e:31:e0:1e,-55,12,1588872155.582739,37
2020-05-07 13:22:35.585007,Bluetooth,55:25:0e:31:e0:1e,-51,12,1588872155.585007,38
2020-05-07 13:22:35.586588,Bluetooth,55:25:0e:31:e0:1e,-47,12,1588872155.586588,39
2020-05-07 13:22:35.650436,Bluetooth,ec:d5:72:3c:f5:d0,-52,12,1588872155.650436,37
2020-05-07 13:22:35.653152,Bluetooth,ec:d5:72:3c:f5:d0,-51,12,1588872155.653152,38
2020-05-07 13:22:35.655387,Bluetooth,ec:d5:72:3c:f5:d0,-47,12,1588872155.655387,39
2020-05-07 13:22:35.864866,Bluetooth,55:25:0e:31:e0:1e,-55,12,1588872155.864866,37
2020-05-07 13:22:35.869523,Bluetooth,55:25:0e:31:e0:1e,-51,12,1588872155.869523,38
2020-05-07 13:22:35.873315,Bluetooth,55:25:0e:31:e0:1e,-48,12,1588872155.873315,39
2020-05-07 13:22:36.137351,Bluetooth,55:25:0e:31:e0:1e,-55,12,1588872156.137351,37
2020-05-07 13:22:36.139320,Bluetooth,55:25:0e:31:e0:1e,-51,12,1588872156.13932,38
2020-05-07 13:22:36.140856,Bluetooth,55:25:0e:31:e0:1e,-48,12,1588872156.140856,39
2020-05-07 13:22:36.411716,Bluetooth,55:25:0e:31:e0:1e,-55,12,1588872156.411716,37
2020-05-07 13:22:36.416402,Bluetooth,55:25:0e:31:e0:1e,-51,12,1588872156.416402,38
2020-05-07 13:22:36.420084,Bluetooth,55:25:0e:31:e0:1e,-47,12,1588872156.420084,39
2020-05-07 13:22:37.515720,Bluetooth,55:25:0e:31:e0:1e,-55,12,1588872157.51572,37
2020-05-07 13:22:37.525234,Bluetooth,55:25:0e:31:e0:1e,-51,12,1588872157.525234,38
2020-05-07 13:22:37.528969,Bluetooth,55:25:0e:31:e0:1e,-49,12,1588872157.528969,39
2020-05-07 13:22:37.662484,Bluetooth,ec:d5:72:3c:f5:d0,-56,12,1588872157.662484,37
2020-05-07 13:22:37.667869,Bluetooth,ec:d5:72:3c:f5:d0,-51,12,1588872157.667869,38
2020-05-07 13:22:37.670442,Bluetooth,ec:d5:72:3c:f5:d0,-46,12,1588872157.670442,39
2020-05-07 13:22:37.787631,Bluetooth,55:25:0e:31:e0:1e,-55,12,1588872157.787631,37
2020-05-07 13:22:37.792498,Bluetooth,55:25:0e:31:e0:1e,-51,12,1588872157.792498,38
2020-05-07 13:22:37.796056,Bluetooth,55:25:0e:31:e0:1e,-48,12,1588872157.796056,39
2020-05-07 13:22:38.067657,Bluetooth,55:25:0e:31:e0:1e,-55,12,1588872158.067657,37
2020-05-07 13:22:38.072064,Bluetooth,55:25:0e:31:e0:1e,-51,12,1588872158.072064,38
2020-05-07 13:22:38.073733,Bluetooth,55:25:0e:31:e0:1e,-49,12,1588872158.073733,39
2020-05-07 13:22:38.336297,Bluetooth,55:25:0e:31:e0:1e,-55,12,1588872158.336297,37
2020-05-07 13:22:38.338547,Bluetooth,55:25:0e:31:e0:1e,-51,12,1588872158.338547,38
2020-05-07 13:22:38.340024,Bluetooth,55:25:0e:31:e0:1e,-51,12,1588872158.340024,39
2020-05-07 13:22:38.618205,Bluetooth,55:25:0e:31:e0:1e,-55,12,1588872158.618205,37
2020-05-07 13:22:38.622774,Bluetooth,55:25:0e:31:e0:1e,-51,12,1588872158.622774,38
2020-05-07 13:22:38.625715,Bluetooth,55:25:0e:31:e0:1e,-48,12,1588872158.625715,39
2020-05-07 13:22:38.888546,Bluetooth,55:25:0e:31:e0:1e,-55,12,1588872158.888546,37
2020-05-07 13:22:38.891053,Bluetooth,55:25:0e:31:e0:1e,-51,12,1588872158.891053,38
2020-05-07 13:22:38.892606,Bluetooth,55:25:0e:31:e0:1e,-48,12,1588872158.892606,39
2020-05-07 13:22:39.158706,Bluetooth,55:25:0e:31:e0:1e,-55,12,1588872159.158706,37
2020-05-07 13:22:39.163236,Bluetooth,55:25:0e:31:e0:1e,-51,12,1588872159.163236,38
2020-05-07 13:22:39.167088,Bluetooth,55:25:0e:31:e0:1e,-49,12,1588872159.167088,39
2020-05-07 13:22:39.436855,Bluetooth,55:25:0e:31:e0:1e,-55,12,1588872159.436855,37
2020-05-07 13:22:39.438786,Bluetooth,55:25:0e:31:e0:1e,-51,12,1588872159.438786,38
2020-05-07 13:22:39.441546,Bluetooth,55:25:0e:31:e0:1e,-49,12,1588872159.441546,39
2020-05-07 13:22:39.712064,Bluetooth,55:25:0e:31:e0:1e,-55,12,1588872159.712064,37
2020-05-07 13:22:39.716886,Bluetooth,55:25:0e:31:e0:1e,-51,12,1588872159.716886,38
2020-05-07 13:22:39.720817,Bluetooth,55:25:0e:31:e0:1e,-52,12,1588872159.720817,39
2020-05-07 13:22:40.809221,Bluetooth,55:25:0e:31:e0:1e,-55,12,1588872160.809221,37
2020-05-07 13:22:40.813590,Bluetooth,55:25:0e:31:e0:1e,-51,12,1588872160.81359,38
2020-05-07 13:22:40.817308,Bluetooth,55:25:0e:31:e0:1e,-48,12,1588872160.817308,39
2020-05-07 13:22:41.083723,Bluetooth,55:25:0e:31:e0:1e,-55,12,1588872161.083723,37
2020-05-07 13:22:41.085769,Bluetooth,55:25:0e:31:e0:1e,-50,12,1588872161.085769,38
2020-05-07 13:22:41.087263,Bluetooth,55:25:0e:31:e0:1e,-48,12,1588872161.087263,39
2020-05-07 13:22:41.365948,Bluetooth,55:25:0e:31:e0:1e,-55,12,1588872161.365948,37
2020-05-07 13:22:41.370650,Bluetooth,55:25:0e:31:e0:1e,-51,12,1588872161.37065,38
2020-05-07 13:22:41.374492,Bluetooth,55:25:0e:31:e0:1e,-52,12,1588872161.374492,39
2020-05-07 13:22:41.638974,Bluetooth,55:25:0e:31:e0:1e,-55,12,1588872161.638974,37
2020-05-07 13:22:41.640890,Bluetooth,55:25:0e:31:e0:1e,-51,12,1588872161.64089,38
2020-05-07 13:22:41.642436,Bluetooth,55:25:0e:31:e0:1e,-48,12,1588872161.642436,39
2020-05-07 13:22:41.680119,Bluetooth,ec:d5:72:3c:f5:d0,-55,12,1588872161.680119,37
2020-05-07 13:22:41.685747,Bluetooth,ec:d5:72:3c:f5:d0,-51,12,1588872161.685747,38
2020-05-07 13:22:41.688217,Bluetooth,ec:d5:72:3c:f5:d0,-46,12,1588872161.688217,39
2020-05-07 13:22:41.908802,Bluetooth,55:25:0e:31:e0:1e,-55,12,1588872161.908802,37
2020-05-07 13:22:41.910803,Bluetooth,55:25:0e:31:e0:1e,-49,12,1588872161.910803,38
2020-05-07 13:22:41.912473,Bluetooth,55:25:0e:31:e0:1e,-48,12,1588872161.912473,39
2020-05-07 13:22:42.182903,Bluetooth,55:25:0e:31:e0:1e,-55,12,1588872162.182903,37
2020-05-07 13:22:42.186556,Bluetooth,55:25:0e:31:e0:1e,-51,12,1588872162.186556,38
2020-05-07 13:22:42.188111,Bluetooth,55:25:0e:31:e0:1e,-51,12,1588872162.188111,39
2020-05-07 13:22:42.457395,Bluetooth,55:25:0e:31:e0:1e,-55,12,1588872162.457395,37
2020-05-07 13:22:42.461593,Bluetooth,55:25:0e:31:e0:1e,-50,12,1588872162.461593,38
2020-05-07 13:22:42.465209,Bluetooth,55:25:0e:31:e0:1e,-48,12,1588872162.465209,39
2020-05-07 13:22:42.735013,Bluetooth,55:25:0e:31:e0:1e,-55,12,1588872162.735013,37
2020-05-07 13:22:42.737263,Bluetooth,55:25:0e:31:e0:1e,-51,12,1588872162.737263,38
2020-05-07 13:22:42.739024,Bluetooth,55:25:0e:31:e0:1e,-46,12,1588872162.739024,39
2020-05-07 13:22:43.013567,Bluetooth,55:25:0e:31:e0:1e,-55,12,1588872163.013567,37
2020-05-07 13:22:43.019597,Bluetooth,55:25:0e:31:e0:1e,-51,12,1588872163.019597,38
2020-05-07 13:22:43.021899,Bluetooth,55:25:0e:31:e0:1e,-46,12,1588872163.021899,39
2020-05-07 13:22:43.690319,Bluetooth,ec:d5:72:3c:f5:d0,-55,12,1588872163.690319,37
2020-05-07 13:22:43.696209,Bluetooth,ec:d5:72:3c:f5:d0,-51,12,1588872163.696209,38
2020-05-07 13:22:43.698229,Bluetooth,ec:d5:72:3c:f5:d0,-48,12,1588872163.698229,39
2020-05-07 13:22:43.835831,Bluetooth,55:25:0e:31:e0:1e,-55,12,1588872163.835831,37
2020-05-07 13:22:43.843445,Bluetooth,55:25:0e:31:e0:1e,-51,12,1588872163.843445,38
2020-05-07 13:22:43.845433,Bluetooth,55:25:0e:31:e0:1e,-48,12,1588872163.845433,39
2020-05-07 13:22:44.110890,Bluetooth,55:25:0e:31:e0:1e,-55,12,1588872164.11089,37
2020-05-07 13:22:44.115482,Bluetooth,55:25:0e:31:e0:1e,-51,12,1588872164.115482,38
2020-05-07 13:22:44.119261,Bluetooth,55:25:0e:31:e0:1e,-48,12,1588872164.119261,39
2020-05-07 13:22:44.384763,Bluetooth,55:25:0e:31:e0:1e,-55,12,1588872164.384763,37
2020-05-07 13:22:44.386711,Bluetooth,55:25:0e:31:e0:1e,-50,12,1588872164.386711,38
2020-05-07 13:22:44.388294,Bluetooth,55:25:0e:31:e0:1e,-49,12,1588872164.388294,39
2020-05-07 13:22:44.658876,Bluetooth,55:25:0e:31:e0:1e,-55,12,1588872164.658876,37
2020-05-07 13:22:44.663430,Bluetooth,55:25:0e:31:e0:1e,-51,12,1588872164.66343,38
2020-05-07 13:22:44.665095,Bluetooth,55:25:0e:31:e0:1e,-47,12,1588872164.665095,39
2020-05-07 13:22:44.936964,Bluetooth,55:25:0e:31:e0:1e,-55,12,1588872164.936964,37
2020-05-07 13:22:44.939151,Bluetooth,55:25:0e:31:e0:1e,-51,12,1588872164.939151,38
2020-05-07 13:22:44.940888,Bluetooth,55:25:0e:31:e0:1e,-49,12,1588872164.940888,39
2020-05-07 13:22:45.219510,Bluetooth,55:25:0e:31:e0:1e,-55,12,1588872165.21951,37
2020-05-07 13:22:45.224569,Bluetooth,55:25:0e:31:e0:1e,-51,12,1588872165.224569,38
2020-05-07 13:22:45.229017,Bluetooth,55:25:0e:31:e0:1e,-48,12,1588872165.229017,39
2020-05-07 13:22:45.491011,Bluetooth,55:25:0e:31:e0:1e,-55,12,1588872165.491011,37
2020-05-07 13:22:45.493930,Bluetooth,55:25:0e:31:e0:1e,-51,12,1588872165.49393,38
2020-05-07 13:22:45.495521,Bluetooth,55:25:0e:31:e0:1e,-47,12,1588872165.495521,39
2020-05-07 13:22:45.696582,Bluetooth,ec:d5:72:3c:f5:d0,-56,12,1588872165.696582,37
2020-05-07 13:22:45.699212,Bluetooth,ec:d5:72:3c:f5:d0,-51,12,1588872165.699212,38
2020-05-07 13:22:45.701567,Bluetooth,ec:d5:72:3c:f5:d0,-47,12,1588872165.701567,39
2020-05-07 13:22:45.762884,Bluetooth,55:25:0e:31:e0:1e,-55,12,1588872165.762884,37
2020-05-07 13:22:45.767558,Bluetooth,55:25:0e:31:e0:1e,-51,12,1588872165.767558,38
2020-05-07 13:22:45.771376,Bluetooth,55:25:0e:31:e0:1e,-48,12,1588872165.771376,39
2020-05-07 13:22:46.033087,Bluetooth,55:25:0e:31:e0:1e,-55,12,1588872166.033087,37
2020-05-07 13:22:46.037592,Bluetooth,55:25:0e:31:e0:1e,-51,12,1588872166.037592,38
2020-05-07 13:22:46.039315,Bluetooth,55:25:0e:31:e0:1e,-46,12,1588872166.039315,39
2020-05-07 13:22:46.303918,Bluetooth,55:25:0e:31:e0:1e,-55,12,1588872166.303918,37
2020-05-07 13:22:46.306228,Bluetooth,55:25:0e:31:e0:1e,-51,12,1588872166.306228,38
2020-05-07 13:22:46.307923,Bluetooth,55:25:0e:31:e0:1e,-49,12,1588872166.307923,39
2020-05-07 13:22:47.136071,Bluetooth,55:25:0e:31:e0:1e,-55,12,1588872167.136071,37
2020-05-07 13:22:47.140813,Bluetooth,55:25:0e:31:e0:1e,-51,12,1588872167.140813,38
2020-05-07 13:22:47.144633,Bluetooth,55:25:0e:31:e0:1e,-48,12,1588872167.144633,39
2020-05-07 13:22:47.407916,Bluetooth,55:25:0e:31:e0:1e,-55,12,1588872167.407916,37
2020-05-07 13:22:47.412680,Bluetooth,55:25:0e:31:e0:1e,-51,12,1588872167.41268,38
2020-05-07 13:22:47.416502,Bluetooth,55:25:0e:31:e0:1e,-48,12,1588872167.416502,39
2020-05-07 13:22:47.678567,Bluetooth,55:25:0e:31:e0:1e,-55,12,1588872167.678567,37
2020-05-07 13:22:47.680962,Bluetooth,55:25:0e:31:e0:1e,-51,12,1588872167.680962,38
2020-05-07 13:22:47.682596,Bluetooth,55:25:0e:31:e0:1e,-48,12,1588872167.682596,39
2020-05-07 13:22:47.703529,Bluetooth,ec:d5:72:3c:f5:d0,-56,12,1588872167.703529,37
2020-05-07 13:22:47.706115,Bluetooth,ec:d5:72:3c:f5:d0,-52,12,1588872167.706115,38
2020-05-07 13:22:47.708173,Bluetooth,ec:d5:72:3c:f5:d0,-48,12,1588872167.708173,39
2020-05-07 13:22:47.955953,Bluetooth,55:25:0e:31:e0:1e,-55,12,1588872167.955953,37
2020-05-07 13:22:47.960699,Bluetooth,55:25:0e:31:e0:1e,-51,12,1588872167.960699,38
2020-05-07 13:22:47.962945,Bluetooth,55:25:0e:31:e0:1e,-48,12,1588872167.962945,39
2020-05-07 13:22:48.228881,Bluetooth,55:25:0e:31:e0:1e,-55,12,1588872168.228881,37
2020-05-07 13:22:48.231086,Bluetooth,55:25:0e:31:e0:1e,-51,12,1588872168.231086,38
2020-05-07 13:22:48.232888,Bluetooth,55:25:0e:31:e0:1e,-48,12,1588872168.232888,39
2020-05-07 13:22:48.507148,Bluetooth,55:25:0e:31:e0:1e,-55,12,1588872168.507148,37
2020-05-07 13:22:48.511961,Bluetooth,55:25:0e:31:e0:1e,-51,12,1588872168.511961,38
